Monday 31. August 2020, 11:28:38
	1       ! Problem Type (Do not change this number)
	1056	532	1	 ! No. of Elements, Nodes, Mu (Viscosity)
 $ Nodes (Node #, x, y, and z coordinates):
1	6.001818858308667e-18	0.0980171403295606	5.995184726672197
2	-1.8005456574926e-17	-0.0980171403295606	5.995184726672197
3	0.25139390483173124	0.14514233862723117	5.9569403357322095
4	1.7774810042059993e-17	0.2902846772544624	5.9569403357322095
5	-0.2513939048317312	0.1451423386272313	5.9569403357322095
6	-0.2513939048317313	-0.1451423386272311	5.9569403357322095
7	-5.332443012617997e-17	-0.2902846772544624	5.9569403357322095
8	0.2513939048317312	-0.14514233862723133	5.9569403357322095
9	0.4483249383186366	0.14566960277212787	5.881921264348355
10	0.2770800498851176	0.3813679711851267	5.881921264348355
11	2.8864725244123264e-17	0.47139673682599764	5.881921264348355
12	-0.27708004988511753	0.3813679711851267	5.881921264348355
13	-0.4483249383186366	0.14566960277212793	5.881921264348355
14	-0.4483249383186367	-0.14566960277212782	5.881921264348355
15	-0.27708004988511764	-0.38136797118512666	5.881921264348355
16	-8.659417573236978e-17	-0.47139673682599764	5.881921264348355
17	0.2770800498851175	-0.3813679711851268	5.881921264348355
18	0.4483249383186366	-0.145669602772128	5.881921264348355
19	0.6184877200318333	0.14116578608770794	5.773010453362737
20	0.49598864182542507	0.39553774304370254	5.773010453362737
21	0.2752529302039901	0.5715685990378173	5.773010453362737
22	3.8845385242579287e-17	0.6343932841636455	5.773010453362737
23	-0.27525293020399005	0.5715685990378173	5.773010453362737
24	-0.49598864182542496	0.3955377430437026	5.773010453362737
25	-0.6184877200318333	0.14116578608770802	5.773010453362737
26	-0.6184877200318333	-0.14116578608770788	5.773010453362737
27	-0.4959886418254251	-0.3955377430437025	5.773010453362737
28	-0.27525293020399016	-0.5715685990378173	5.773010453362737
29	-1.1653615572773786e-16	-0.6343932841636455	5.773010453362737
30	0.27525293020398994	-0.5715685990378174	5.773010453362737
31	0.49598864182542496	-0.39553774304370265	5.773010453362737
32	0.6184877200318332	-0.1411657860877081	5.773010453362737
33	0.7612666876311054	0.13423185654392691	5.634393284163646
34	0.6694466900030565	0.38650522668136844	5.634393284163646
35	0.4968815415797419	0.5921603622714067	5.634393284163646
36	0.2643851460513636	0.7263922188153336	5.634393284163646
37	4.733323887090602e-17	0.7730104533627371	5.634393284163646
38	-0.2643851460513635	0.7263922188153337	5.634393284163646
39	-0.4968815415797419	0.5921603622714067	5.634393284163646
40	-0.6694466900030565	0.38650522668136844	5.634393284163646
41	-0.7612666876311054	0.1342318565439272	5.634393284163646
42	-0.7612666876311054	-0.1342318565439267	5.634393284163646
43	-0.6694466900030566	-0.38650522668136833	5.634393284163646
44	-0.49688154157974196	-0.5921603622714066	5.634393284163646
45	-0.26438514605136393	-0.7263922188153333	5.634393284163646
46	-1.4199971661271804e-16	-0.7730104533627371	5.634393284163646
47	0.26438514605136304	-0.7263922188153337	5.634393284163646
48	0.4968815415797418	-0.5921603622714068	5.634393284163646
49	0.6694466900030561	-0.3865052266813689	5.634393284163646
50	0.7612666876311054	-0.13423185654392697	5.634393284163646
51	0.8729445775027441	0.1255104821055073	5.471396736825998
52	0.8022237994347738	0.36636333349591194	5.471396736825998
53	0.6665116201452386	0.5775356064531175	5.471396736825998
54	0.4768026332887689	0.7419193793119956	5.471396736825998
55	0.24846593273768852	0.8461972564234603	5.471396736825998
56	5.4002102674209984e-17	0.8819212643483549	5.471396736825998
57	-0.2484659327376885	0.8461972564234604	5.471396736825998
58	-0.4768026332887689	0.7419193793119957	5.471396736825998
59	-0.6665116201452385	0.5775356064531176	5.471396736825998
60	-0.8022237994347738	0.3663633334959119	5.471396736825998
61	-0.8729445775027441	0.12551048210550733	5.471396736825998
62	-0.872944577502744	-0.12551048210550708	5.471396736825998
63	-0.8022237994347737	-0.36636333349591205	5.471396736825998
64	-0.6665116201452387	-0.5775356064531174	5.471396736825998
65	-0.47680263328876865	-0.7419193793119957	5.471396736825998
66	-0.24846593273768855	-0.8461972564234604	5.471396736825998
67	-1.6200630802262993e-16	-0.8819212643483549	5.471396736825998
68	0.2484659327376882	-0.8461972564234606	5.471396736825998
69	0.4768026332887685	-0.741919379311996	5.471396736825998
70	0.6665116201452387	-0.5775356064531173	5.471396736825998
71	0.8022237994347737	-0.366363333495912	5.471396736825998
72	0.8729445775027439	-0.12551048210550744	5.471396736825998
73	0.9499631632637349	0.11534641127157476	5.290284677254462
74	0.8947547571904494	0.339335719658766	5.290284677254462
75	0.7875464569304669	0.5436040694545444	5.290284677254462
76	0.6345688192085815	0.7162801266540204	5.290284677254462
77	0.4447123482781009	0.8473285864646899	5.290284677254462
78	0.22901081212931218	0.9291333887441273	5.290284677254462
79	5.859569595647216e-17	0.9569403357322089	5.290284677254462
80	-0.22901081212931207	0.9291333887441273	5.290284677254462
81	-0.4447123482781009	0.8473285864646901	5.290284677254462
82	-0.6345688192085812	0.7162801266540205	5.290284677254462
83	-0.7875464569304668	0.5436040694545445	5.290284677254462
84	-0.8947547571904493	0.3393357196587663	5.290284677254462
85	-0.9499631632637349	0.11534641127157519	5.290284677254462
86	-0.9499631632637349	-0.11534641127157455	5.290284677254462
87	-0.8947547571904495	-0.3393357196587657	5.290284677254462
88	-0.787546456930467	-0.5436040694545443	5.290284677254462
89	-0.6345688192085818	-0.7162801266540202	5.290284677254462
90	-0.4447123482781015	-0.8473285864646898	5.290284677254462
91	-0.2290108121293121	-0.9291333887441273	5.290284677254462
92	-1.7578708786941646e-16	-0.9569403357322089	5.290284677254462
93	0.22901081212931176	-0.9291333887441274	5.290284677254462
94	0.44471234827810047	-0.8473285864646903	5.290284677254462
95	0.6345688192085808	-0.7162801266540209	5.290284677254462
96	0.7875464569304668	-0.5436040694545445	5.290284677254462
97	0.8947547571904493	-0.33933571965876635	5.290284677254462
98	0.9499631632637346	-0.11534641127157529	5.290284677254462
99	0.9897330006115904	0.1040251301464845	5.098017140329561
100	0.9464769192190042	0.30752899308409587	5.098017140329561
101	0.8618552547563957	0.4975923633360984	5.098017140329561
102	0.7395663800205783	0.6659085595972417	5.098017140329561
103	0.5849549056446333	0.8051213564201944	5.098017140329561
104	0.4047780949669574	0.909146486566679	5.098017140329561
105	0.20691053919842628	0.9734375526813376	5.098017140329561
106	6.093748950397198e-17	0.995184726672197	5.098017140329561
107	-0.20691053919842595	0.9734375526813377	5.098017140329561
108	-0.4047780949669571	0.9091464865666791	5.098017140329561
109	-0.5849549056446331	0.8051213564201944	5.098017140329561
110	-0.7395663800205781	0.6659085595972418	5.098017140329561
111	-0.8618552547563955	0.49759236333609885	5.098017140329561
112	-0.9464769192190042	0.307528993084096	5.098017140329561
113	-0.9897330006115904	0.10402513014648478	5.098017140329561
114	-0.9897330006115905	-0.1040251301464841	5.098017140329561
115	-0.9464769192190043	-0.30752899308409576	5.098017140329561
116	-0.8618552547563958	-0.49759236333609824	5.098017140329561
117	-0.7395663800205784	-0.6659085595972415	5.098017140329561
118	-0.5849549056446334	-0.8051213564201943	5.098017140329561
119	-0.40477809496695794	-0.9091464865666786	5.098017140329561
120	-0.20691053919842656	-0.9734375526813374	5.098017140329561
121	-1.8281246851191594e-16	-0.995184726672197	5.098017140329561
122	0.2069105391984254	-0.9734375526813378	5.098017140329561
123	0.40477809496695677	-0.9091464865666792	5.098017140329561
124	0.584954905644633	-0.8051213564201946	5.098017140329561
125	0.7395663800205776	-0.6659085595972423	5.098017140329561
126	0.8618552547563954	-0.49759236333609896	5.098017140329561
127	0.9464769192190042	-0.30752899308409615	5.098017140329561
128	0.9897330006115904	-0.10402513014648535	5.098017140329561
129	0.9897330006115903	0.10402513014648448	4.901982859670439
130	0.9464769192190041	0.3075289930840958	4.901982859670439
131	0.8618552547563956	0.4975923633360984	4.901982859670439
132	0.7395663800205782	0.6659085595972416	4.901982859670439
133	0.5849549056446331	0.8051213564201943	4.901982859670439
134	0.4047780949669573	0.9091464865666788	4.901982859670439
135	0.20691053919842625	0.9734375526813375	4.901982859670439
136	6.093748950397197e-17	0.9951847266721969	4.901982859670439
137	-0.20691053919842592	0.9734375526813376	4.901982859670439
138	-0.40477809496695705	0.909146486566679	4.901982859670439
139	-0.584954905644633	0.8051213564201943	4.901982859670439
140	-0.739566380020578	0.6659085595972418	4.901982859670439
141	-0.8618552547563954	0.4975923633360988	4.901982859670439
142	-0.9464769192190041	0.3075289930840959	4.901982859670439
143	-0.9897330006115903	0.10402513014648476	4.901982859670439
144	-0.9897330006115904	-0.10402513014648408	4.901982859670439
145	-0.9464769192190042	-0.3075289930840957	4.901982859670439
146	-0.8618552547563957	-0.4975923633360982	4.901982859670439
147	-0.7395663800205783	-0.6659085595972414	4.901982859670439
148	-0.5849549056446333	-0.8051213564201942	4.901982859670439
149	-0.4047780949669579	-0.9091464865666785	4.901982859670439
150	-0.20691053919842653	-0.9734375526813372	4.901982859670439
151	-1.8281246851191592e-16	-0.9951847266721969	4.901982859670439
152	0.20691053919842536	-0.9734375526813377	4.901982859670439
153	0.4047780949669567	-0.9091464865666791	4.901982859670439
154	0.5849549056446329	-0.8051213564201944	4.901982859670439
155	0.7395663800205775	-0.6659085595972423	4.901982859670439
156	0.8618552547563952	-0.4975923633360989	4.901982859670439
157	0.9464769192190041	-0.3075289930840961	4.901982859670439
158	0.9897330006115903	-0.10402513014648533	4.901982859670439
159	0.9499631632637349	0.11534641127157476	4.709715322745538
160	0.8947547571904494	0.339335719658766	4.709715322745538
161	0.7875464569304669	0.5436040694545444	4.709715322745538
162	0.6345688192085815	0.7162801266540204	4.709715322745538
163	0.444712348278101	0.8473285864646901	4.709715322745538
164	0.22901081212931218	0.9291333887441273	4.709715322745538
165	5.859569595647216e-17	0.9569403357322089	4.709715322745538
166	-0.22901081212931212	0.9291333887441275	4.709715322745538
167	-0.4447123482781009	0.8473285864646901	4.709715322745538
168	-0.6345688192085812	0.7162801266540205	4.709715322745538
169	-0.7875464569304668	0.5436040694545445	4.709715322745538
170	-0.8947547571904495	0.33933571965876635	4.709715322745538
171	-0.9499631632637349	0.11534641127157519	4.709715322745538
172	-0.9499631632637351	-0.11534641127157456	4.709715322745538
173	-0.8947547571904495	-0.3393357196587657	4.709715322745538
174	-0.787546456930467	-0.5436040694545443	4.709715322745538
175	-0.6345688192085818	-0.7162801266540202	4.709715322745538
176	-0.44471234827810163	-0.84732858646469	4.709715322745538
177	-0.22901081212931215	-0.9291333887441275	4.709715322745538
178	-1.7578708786941646e-16	-0.9569403357322089	4.709715322745538
179	0.22901081212931176	-0.9291333887441274	4.709715322745538
180	0.4447123482781006	-0.8473285864646906	4.709715322745538
181	0.6345688192085808	-0.7162801266540209	4.709715322745538
182	0.7875464569304668	-0.5436040694545445	4.709715322745538
183	0.8947547571904493	-0.33933571965876635	4.709715322745538
184	0.9499631632637349	-0.11534641127157531	4.709715322745538
185	0.872944577502744	0.1255104821055073	4.528603263174002
186	0.802223799434774	0.366363333495912	4.528603263174002
187	0.6665116201452386	0.5775356064531176	4.528603263174002
188	0.47680263328876893	0.7419193793119957	4.528603263174002
189	0.24846593273768855	0.8461972564234604	4.528603263174002
190	5.400210267420999e-17	0.881921264348355	4.528603263174002
191	-0.24846593273768847	0.8461972564234604	4.528603263174002
192	-0.47680263328876893	0.7419193793119958	4.528603263174002
193	-0.6665116201452386	0.5775356064531176	4.528603263174002
194	-0.802223799434774	0.36636333349591194	4.528603263174002
195	-0.872944577502744	0.12551048210550733	4.528603263174002
196	-0.8729445775027441	-0.1255104821055071	4.528603263174002
197	-0.8022237994347738	-0.3663633334959121	4.528603263174002
198	-0.6665116201452387	-0.5775356064531175	4.528603263174002
199	-0.4768026332887687	-0.7419193793119958	4.528603263174002
200	-0.24846593273768852	-0.8461972564234604	4.528603263174002
201	-1.6200630802262996e-16	-0.881921264348355	4.528603263174002
202	0.24846593273768816	-0.8461972564234604	4.528603263174002
203	0.47680263328876843	-0.7419193793119959	4.528603263174002
204	0.6665116201452387	-0.5775356064531174	4.528603263174002
205	0.8022237994347738	-0.36636333349591205	4.528603263174002
206	0.872944577502744	-0.12551048210550744	4.528603263174002
207	0.7612666876311054	0.13423185654392694	4.365606715836354
208	0.6694466900030565	0.3865052266813685	4.365606715836354
209	0.4968815415797419	0.5921603622714067	4.365606715836354
210	0.2643851460513636	0.7263922188153336	4.365606715836354
211	4.733323887090602e-17	0.7730104533627371	4.365606715836354
212	-0.2643851460513635	0.7263922188153337	4.365606715836354
213	-0.4968815415797419	0.5921603622714067	4.365606715836354
214	-0.6694466900030565	0.3865052266813685	4.365606715836354
215	-0.7612666876311054	0.13423185654392722	4.365606715836354
216	-0.7612666876311054	-0.1342318565439267	4.365606715836354
217	-0.6694466900030566	-0.38650522668136833	4.365606715836354
218	-0.49688154157974196	-0.5921603622714066	4.365606715836354
219	-0.264385146051364	-0.7263922188153334	4.365606715836354
220	-1.4199971661271804e-16	-0.7730104533627371	4.365606715836354
221	0.26438514605136304	-0.7263922188153338	4.365606715836354
222	0.4968815415797418	-0.5921603622714068	4.365606715836354
223	0.6694466900030561	-0.3865052266813689	4.365606715836354
224	0.7612666876311054	-0.13423185654392697	4.365606715836354
225	0.6184877200318333	0.14116578608770794	4.226989546637263
226	0.49598864182542507	0.39553774304370254	4.226989546637263
227	0.2752529302039901	0.5715685990378173	4.226989546637263
228	3.8845385242579287e-17	0.6343932841636455	4.226989546637263
229	-0.27525293020399005	0.5715685990378173	4.226989546637263
230	-0.49598864182542496	0.3955377430437026	4.226989546637263
231	-0.6184877200318333	0.14116578608770802	4.226989546637263
232	-0.6184877200318333	-0.14116578608770788	4.226989546637263
233	-0.4959886418254251	-0.3955377430437025	4.226989546637263
234	-0.27525293020399016	-0.5715685990378173	4.226989546637263
235	-1.1653615572773786e-16	-0.6343932841636455	4.226989546637263
236	0.27525293020398994	-0.5715685990378174	4.226989546637263
237	0.49598864182542496	-0.39553774304370265	4.226989546637263
238	0.6184877200318332	-0.1411657860877081	4.226989546637263
239	0.4483249383186368	0.14566960277212793	4.118078735651645
240	0.2770800498851177	0.38136797118512683	4.118078735651645
241	2.886472524412327e-17	0.4713967368259978	4.118078735651645
242	-0.27708004988511764	0.38136797118512683	4.118078735651645
243	-0.4483249383186368	0.14566960277212798	4.118078735651645
244	-0.44832493831863685	-0.14566960277212787	4.118078735651645
245	-0.27708004988511775	-0.3813679711851268	4.118078735651645
246	-8.659417573236982e-17	-0.4713967368259978	4.118078735651645
247	0.2770800498851176	-0.3813679711851269	4.118078735651645
248	0.4483249383186368	-0.14566960277212807	4.118078735651645
249	0.25139390483173124	0.14514233862723117	4.043059664267791
250	1.7774810042059993e-17	0.2902846772544624	4.043059664267791
251	-0.2513939048317312	0.14514233862723128	4.043059664267791
252	-0.2513939048317313	-0.1451423386272311	4.043059664267791
253	-5.332443012617997e-17	-0.2902846772544624	4.043059664267791
254	0.2513939048317312	-0.14514233862723133	4.043059664267791
255	6.001818858308682e-18	0.09801714032956085	4.004815273327803
256	-1.8005456574926045e-17	-0.09801714032956085	4.004815273327803
257	10.0	0.0	0.0
258	9.766205557100866	2.149704402110241	0.0
259	9.07575419670957	4.198891015602646	0.0
260	7.960930657056437	6.051742151937651	0.0
261	6.4738628478182765	7.621620551276365	0.0
262	4.6840844069979015	8.83512044446023	0.0
263	2.6752833852922073	9.63549992519223	0.0
264	0.5413890858541739	9.985334138511238	0.0
265	-1.6178199655276495	9.86826522541526	0.0
266	-3.701381553399146	9.289767198167914	0.0
267	-5.611870653623827	8.276889981568903	0.0
268	-7.259954919231312	6.876994588534229	0.0
269	-8.568571761675894	5.155538571770213	0.0
270	-9.476531711828027	3.1930153013597935	0.0
271	-9.941379571543598	1.0811901842394105	0.0
272	-9.941379571543594	-1.0811901842394256	0.0
273	-9.476531711828022	-3.193015301359808	0.0
274	-8.568571761675887	-5.155538571770226	0.0
275	-7.259954919231301	-6.876994588534241	0.0
276	-5.611870653623818	-8.276889981568909	0.0
277	-3.7013815533991363	-9.289767198167917	0.0
278	-1.6178199655276386	-9.868265225415263	0.0
279	0.5413890858541847	-9.985334138511238	0.0
280	2.675283385292218	-9.635499925192226	0.0
281	4.684084406997911	-8.835120444460223	0.0
282	6.473862847818285	-7.621620551276357	0.0
283	7.960930657056445	-6.051742151937641	0.0
284	9.075754196709577	-4.198891015602634	0.0
285	9.76620555710087	-2.1497044021102267	0.0
286	-4.019996830040796	-0.8848682153453804	0.0
287	-6.962468800780706	-1.5325552737020876	0.0
288	-4.034055137975573	-4.749256860598807	0.0
289	2.9883659104767646	-2.8307305518482204	0.0
290	0.665932238981922	4.062006957792059	0.0
291	-4.543394214087216	3.453798489488124	0.0
292	-8.538689951677744	-1.8795077852964162	0.0
293	-7.349422149761089	-3.5285071826906496	0.0
294	-8.151736602697362	0.1164441236921483	0.0
295	-5.336973099271301	-6.283170467339058	0.0
296	-1.9091145779081466	-6.876009275783012	0.0
297	2.47699545197842	-6.216789803436612	0.0
298	6.009379544011798	-3.6157237044018267	0.0
299	4.911139311164618	1.6547554996397853	0.0
300	1.1533671874309936	7.035228610340558	0.0
301	-6.338719235285885	4.818569089215169	0.0
302	-3.316458009666348	6.255503406518811	0.0
303	-6.827323387645833	-5.189996309451993	0.0
304	-5.600757076301573	-3.891790178615743	0.0
305	-3.9946161628318206	-2.8171804420671616	0.0
306	-5.345978750785569	-1.8686076128772608	0.0
307	-1.0019828449431691	-3.8447090283590954	0.0
308	-2.663059732780928	-3.8108018963932273	0.0
309	-2.5724548368027893	-5.413843079942315	0.0
310	-1.7876015688235258	-1.6271827675448143	0.0
311	-3.659156695080891	-6.788398338703946	0.0
312	-3.0976749029236412	-1.8390764372431594	0.0
313	-2.845260290935356	-8.053178302386222	0.0
314	-5.869363181098067	0.5091518254903296	0.0
315	-8.375533776248897	1.8435943953416056	0.0
316	-7.1501772543007345	1.1242966526600522	0.0
317	-5.81807721995969	2.2569218749992723	0.0
318	-7.66854495382141	3.5442941856066597	0.0
319	-3.764330715444523	1.3468777178950255	0.0
320	-6.336556974036749	3.4852760049437967	0.0
321	-0.4469754687885248	-8.243977435432404	0.0
322	3.1449204369646315	-7.8931551083491724	0.0
323	4.690996671922544	-6.30589656227571	0.0
324	1.3084452705421659	-7.653628221575305	0.0
325	0.314267383634661	-5.65148671631177	0.0
326	-1.138322784640674	-5.644772789475347	0.0
327	0.1116520817809038	-7.000000687233179	0.0
328	7.434900648730964	-4.473431294962369	0.0
329	7.704233631334436	-2.4123253471936974	0.0
330	5.983977339648447	-5.2714135449810895	0.0
331	7.449995587234527	0.8102358474070679	0.0
332	6.421223669611479	3.863522092994765	0.0
333	1.4144759704786827	8.62792172743881	0.0
334	-0.5575994710990648	8.133477220938682	0.0
335	3.1254426290087407	7.529673116840686	0.0
336	-7.361601400618506	5.596143895864409	0.0
337	-5.471807345157872	6.441909613289789	0.0
338	-4.767279633726879	5.022522394793675	0.0
339	-4.082231569402366	7.699905566168835	0.0
340	-2.295934839308595	7.721745352091162	0.0
341	-1.007085588891206	5.736420198874868	0.0
342	0.6556830324194243	-2.0095095218353585	0.0
343	-4.256891413479837	-8.029348980324604	0.0
344	-6.914626505069139	-0.24469806535106653	0.0
345	-4.570382602184303	0.30870068000341727	0.0
346	-2.4637456624177783	0.06736690036790494	0.0
347	-1.3956184597595924	2.453845341068177	0.0
348	-2.3739165122002523	1.4594341903531303	0.0
349	-2.9525690877822113	3.007139075463003	0.0
350	-1.6694518878110458	4.150538112329716	0.0
351	-2.307362878345389	5.348235161271841	0.0
352	-3.4208312987996568	4.395649642688457	0.0
353	-1.6811166698518687	-8.588501601718061	0.0
354	5.133758966833498	-7.571727999991411	0.0
355	3.648362764230932	-4.6620485925319315	0.0
356	1.7323893286629757	-4.317966159443004	0.0
357	4.470858971987028	-3.3310369049152664	0.0
358	5.641766664828693	-1.3027745750577235	0.0
359	1.6321777840949463	-2.959380602341017	0.0
360	0.33545547465746073	-4.2532134337409575	0.0
361	1.4755785621976858	-9.000631048557018	0.0
362	8.82334478381611	-2.9729310005615224	0.0
363	8.563316681246256	-0.9313168130909097	0.0
364	7.096583103430504	-1.0701809871937953	0.0
365	6.701511094150123	-6.3480084989773005	0.0
366	8.903963148507412	0.9683643490036212	0.0
367	7.9206172937569645	2.6687666948462594	0.0
368	6.378742269297092	2.271976916057741	0.0
369	7.674412454755228	4.6175407671938355	0.0
370	6.067971514661565	5.747887932357274	0.0
371	4.815458918894579	7.000038230840875	0.0
372	3.555261752386651	4.3015493646957585	0.0
373	4.548989178542756	5.480978741929138	0.0
374	-2.4885563460132083	8.962969911027887	0.0
375	0.540017798586972	5.60921586059829	0.0
376	2.046649873306639	4.953100076103516	0.0
377	-0.19022988873948865	6.823918221285147	0.0
378	-0.6693279411809376	-2.478930537767384	0.0
379	6.398270167748563	-2.3682264649641036	0.0
380	2.3786522012340834	6.328221006013736	0.0
381	2.66144712986463	-0.03573533262767503	0.0
382	0.005212952743226307	0.3945962027926525	0.0
383	-1.14703967493516	-0.38942214770976924	0.0
384	5.878616479820988	0.32474875295684247	0.0
385	4.267233756079155	0.16947812244625693	0.0
386	3.643807349131175	-1.3374495725187379	0.0
387	2.105513178978829	-1.476814428000535	0.0
388	1.2524276776901053	-0.319941805975884	0.0
389	4.656076563816254	-2.0858509584837677	0.0
390	4.869250401470775	3.3039827720250288	0.0
391	2.733858578641947	2.2100820002282973	0.0
392	2.0146269394473753	3.4874850811060307	0.0
393	1.360948600501856	1.315245471127716	0.0
394	-0.016873116315673897	1.8856634629331428	0.0
395	10.0	0.0	-1.0
396	9.766205557100866	2.149704402110241	-1.0
397	9.07575419670957	4.198891015602646	-1.0
398	7.960930657056437	6.051742151937651	-1.0
399	6.4738628478182765	7.621620551276365	-1.0
400	4.6840844069979015	8.83512044446023	-1.0
401	2.6752833852922073	9.63549992519223	-1.0
402	0.5413890858541739	9.985334138511238	-1.0
403	-1.6178199655276495	9.86826522541526	-1.0
404	-3.701381553399146	9.289767198167914	-1.0
405	-5.611870653623827	8.276889981568903	-1.0
406	-7.259954919231312	6.876994588534229	-1.0
407	-8.568571761675894	5.155538571770213	-1.0
408	-9.476531711828027	3.1930153013597935	-1.0
409	-9.941379571543598	1.0811901842394105	-1.0
410	-9.941379571543594	-1.0811901842394256	-1.0
411	-9.476531711828022	-3.193015301359808	-1.0
412	-8.568571761675887	-5.155538571770226	-1.0
413	-7.259954919231301	-6.876994588534241	-1.0
414	-5.611870653623818	-8.276889981568909	-1.0
415	-3.7013815533991363	-9.289767198167917	-1.0
416	-1.6178199655276386	-9.868265225415263	-1.0
417	0.5413890858541847	-9.985334138511238	-1.0
418	2.675283385292218	-9.635499925192226	-1.0
419	4.684084406997911	-8.835120444460223	-1.0
420	6.473862847818285	-7.621620551276357	-1.0
421	7.960930657056445	-6.051742151937641	-1.0
422	9.075754196709577	-4.198891015602634	-1.0
423	9.76620555710087	-2.1497044021102267	-1.0
424	-4.019996830040796	-0.8848682153453804	-1.0
425	-6.962468800780706	-1.5325552737020876	-1.0
426	-4.034055137975573	-4.749256860598807	-1.0
427	2.9883659104767646	-2.8307305518482204	-1.0
428	0.665932238981922	4.062006957792059	-1.0
429	-4.543394214087216	3.453798489488124	-1.0
430	-8.538689951677744	-1.8795077852964162	-1.0
431	-7.349422149761089	-3.5285071826906496	-1.0
432	-8.151736602697362	0.1164441236921483	-1.0
433	-5.336973099271301	-6.283170467339058	-1.0
434	-1.9091145779081466	-6.876009275783012	-1.0
435	2.47699545197842	-6.216789803436612	-1.0
436	6.009379544011798	-3.6157237044018267	-1.0
437	4.911139311164618	1.6547554996397853	-1.0
438	1.1533671874309936	7.035228610340558	-1.0
439	-6.338719235285885	4.818569089215169	-1.0
440	-3.316458009666348	6.255503406518811	-1.0
441	-6.827323387645833	-5.189996309451993	-1.0
442	-5.600757076301573	-3.891790178615743	-1.0
443	-3.9946161628318206	-2.8171804420671616	-1.0
444	-5.345978750785569	-1.8686076128772608	-1.0
445	-1.0019828449431691	-3.8447090283590954	-1.0
446	-2.663059732780928	-3.8108018963932273	-1.0
447	-2.5724548368027893	-5.413843079942315	-1.0
448	-1.7876015688235258	-1.6271827675448143	-1.0
449	-3.659156695080891	-6.788398338703946	-1.0
450	-3.0976749029236412	-1.8390764372431594	-1.0
451	-2.845260290935356	-8.053178302386222	-1.0
452	-5.869363181098067	0.5091518254903296	-1.0
453	-8.375533776248897	1.8435943953416056	-1.0
454	-7.1501772543007345	1.1242966526600522	-1.0
455	-5.81807721995969	2.2569218749992723	-1.0
456	-7.66854495382141	3.5442941856066597	-1.0
457	-3.764330715444523	1.3468777178950255	-1.0
458	-6.336556974036749	3.4852760049437967	-1.0
459	-0.4469754687885248	-8.243977435432404	-1.0
460	3.1449204369646315	-7.8931551083491724	-1.0
461	4.690996671922544	-6.30589656227571	-1.0
462	1.3084452705421659	-7.653628221575305	-1.0
463	0.314267383634661	-5.65148671631177	-1.0
464	-1.138322784640674	-5.644772789475347	-1.0
465	0.1116520817809038	-7.000000687233179	-1.0
466	7.434900648730964	-4.473431294962369	-1.0
467	7.704233631334436	-2.4123253471936974	-1.0
468	5.983977339648447	-5.2714135449810895	-1.0
469	7.449995587234527	0.8102358474070679	-1.0
470	6.421223669611479	3.863522092994765	-1.0
471	1.4144759704786827	8.62792172743881	-1.0
472	-0.5575994710990648	8.133477220938682	-1.0
473	3.1254426290087407	7.529673116840686	-1.0
474	-7.361601400618506	5.596143895864409	-1.0
475	-5.471807345157872	6.441909613289789	-1.0
476	-4.767279633726879	5.022522394793675	-1.0
477	-4.082231569402366	7.699905566168835	-1.0
478	-2.295934839308595	7.721745352091162	-1.0
479	-1.007085588891206	5.736420198874868	-1.0
480	0.6556830324194243	-2.0095095218353585	-1.0
481	-4.256891413479837	-8.029348980324604	-1.0
482	-6.914626505069139	-0.24469806535106653	-1.0
483	-4.570382602184303	0.30870068000341727	-1.0
484	-2.4637456624177783	0.06736690036790494	-1.0
485	-1.3956184597595924	2.453845341068177	-1.0
486	-2.3739165122002523	1.4594341903531303	-1.0
487	-2.9525690877822113	3.007139075463003	-1.0
488	-1.6694518878110458	4.150538112329716	-1.0
489	-2.307362878345389	5.348235161271841	-1.0
490	-3.4208312987996568	4.395649642688457	-1.0
491	-1.6811166698518687	-8.588501601718061	-1.0
492	5.133758966833498	-7.571727999991411	-1.0
493	3.648362764230932	-4.6620485925319315	-1.0
494	1.7323893286629757	-4.317966159443004	-1.0
495	4.470858971987028	-3.3310369049152664	-1.0
496	5.641766664828693	-1.3027745750577235	-1.0
497	1.6321777840949463	-2.959380602341017	-1.0
498	0.33545547465746073	-4.2532134337409575	-1.0
499	1.4755785621976858	-9.000631048557018	-1.0
500	8.82334478381611	-2.9729310005615224	-1.0
501	8.563316681246256	-0.9313168130909097	-1.0
502	7.096583103430504	-1.0701809871937953	-1.0
503	6.701511094150123	-6.3480084989773005	-1.0
504	8.903963148507412	0.9683643490036212	-1.0
505	7.9206172937569645	2.6687666948462594	-1.0
506	6.378742269297092	2.271976916057741	-1.0
507	7.674412454755228	4.6175407671938355	-1.0
508	6.067971514661565	5.747887932357274	-1.0
509	4.815458918894579	7.000038230840875	-1.0
510	3.555261752386651	4.3015493646957585	-1.0
511	4.548989178542756	5.480978741929138	-1.0
512	-2.4885563460132083	8.962969911027887	-1.0
513	0.540017798586972	5.60921586059829	-1.0
514	2.046649873306639	4.953100076103516	-1.0
515	-0.19022988873948865	6.823918221285147	-1.0
516	-0.6693279411809376	-2.478930537767384	-1.0
517	6.398270167748563	-2.3682264649641036	-1.0
518	2.3786522012340834	6.328221006013736	-1.0
519	2.66144712986463	-0.03573533262767503	-1.0
520	0.005212952743226307	0.3945962027926525	-1.0
521	-1.14703967493516	-0.38942214770976924	-1.0
522	5.878616479820988	0.32474875295684247	-1.0
523	4.267233756079155	0.16947812244625693	-1.0
524	3.643807349131175	-1.3374495725187379	-1.0
525	2.105513178978829	-1.476814428000535	-1.0
526	1.2524276776901053	-0.319941805975884	-1.0
527	4.656076563816254	-2.0858509584837677	-1.0
528	4.869250401470775	3.3039827720250288	-1.0
529	2.733858578641947	2.2100820002282973	-1.0
530	2.0146269394473753	3.4874850811060307	-1.0
531	1.360948600501856	1.315245471127716	-1.0
532	-0.016873116315673897	1.8856634629331428	-1.0
 $ Elements and Boundary Conditions (Elem #, Connectivity, BC Type (1=velocity given/2=traction given, in x,y,z) and given BC Values (in x,y,z)):
1	160	130	131	1	1	1	0.8555429239210398	2.703086931165849	0.0
2	199	176	200	1	1	1	4.435445222200146	-1.1699809143045588	0.0
3	199	175	176	1	1	1	4.3055280924307056	-1.5560838007754523	0.0
4	220	200	201	1	1	1	4.501128974134553	-0.2484659327376888	0.0
5	148	176	175	1	1	1	4.368730069538905	-1.6642360731313168	0.0
6	148	149	176	1	1	1	4.561596429451563	-1.4344453488896927	0.0
7	202	201	179	1	1	1	4.657251909515943	0.4774767448669998	0.0
8	202	220	201	1	1	1	4.501128974134553	0.24846593273768788	0.0
9	202	221	220	1	1	1	4.345599928601531	0.5128510787890511	0.0
10	202	179	180	1	1	1	4.622659231632278	0.9221890931451006	0.0
11	203	202	180	1	1	1	4.435445222200147	1.1699809143045572	0.0
12	203	221	202	1	1	1	4.31450885455079	0.9896537120778196	0.0
13	245	252	244	1	1	1	2.6721799125844856	-0.9767988930354857	0.0
14	161	131	132	1	1	1	0.29289500761211557	2.3889680917074405	0.0
15	161	160	131	1	1	1	0.6194678475505911	2.5441564688773117	0.0
16	159	160	185	1	1	1	1.4198073869641519	2.7176624979569284	0.0
17	159	130	160	1	1	1	1.2377888759855635	2.7911948396731887	0.0
18	211	212	228	1	1	1	-0.13379595634171637	-0.2643851460513634	0.0
19	211	228	210	1	1	1	-0.13379595634171623	0.2643851460513637	0.0
20	186	185	160	1	1	1	1.1687904647398148	2.5699231341279676	0.0
21	186	187	208	1	1	1	0.6695958333696019	2.138182109583069	0.0
22	186	161	187	1	1	1	0.512496990596426	2.2562818765104797	0.0
23	186	160	161	1	1	1	0.7506968773907777	2.48452501355569	0.0
24	209	208	187	1	1	1	0.4437988045941072	1.832839851728037	0.0
25	116	115	87	1	1	1	3.1444570760789596	-2.703086931165849	0.0
26	16	29	28	1	1	1	3.6773586200274604	-0.2752529302039904	0.0
27	96	126	125	1	1	1	3.7071049923878854	2.3889680917074396	0.0
28	44	27	28	1	1	1	3.5592667043529267	-1.2681231136091573	0.0
29	46	29	47	1	1	1	4.133795956341716	0.26438514605136276	0.0
30	90	119	118	1	1	1	4.561596429451563	-1.434445348889693	0.0
31	15	28	27	1	1	1	3.3484743132666464	-1.048321621914533	0.0
32	15	16	28	1	1	1	3.4243333070489417	-0.5523329800891079	0.0
33	183	156	157	1	1	1	3.144457076078961	2.7030869311658487	0.0
34	183	182	156	1	1	1	3.3805321524494096	2.5441564688773113	0.0
35	78	105	104	1	1	1	-0.8117174279921437	0.8406994462946958	0.0
36	216	217	232	1	1	1	2.661902869313003	-2.049201097665995	0.0
37	233	244	232	1	1	1	2.6823731319035384	-1.5628013001758951	0.0
38	233	232	217	1	1	1	2.9232087558127784	-1.7839230518603149	0.0
39	233	245	244	1	1	1	2.922575317000957	-1.2213936300291797	0.0
40	233	217	218	1	1	1	3.3742033319964775	-1.6623168734082234	0.0
41	197	196	173	1	1	1	2.8312095352601845	-2.569923134127967	0.0
42	197	216	196	1	1	1	2.626105672145346	-2.4364350645686232	0.0
43	197	217	216	1	1	1	2.887100416721207	-2.2329371770689357	0.0
44	178	150	151	1	1	1	4.925562615085743	-0.20691053919842692	0.0
45	178	179	201	1	1	1	4.767994988824691	0.22901081212931143	0.0
46	178	151	152	1	1	1	4.9255626150857434	0.20691053919842498	0.0
47	178	152	179	1	1	1	4.859511277157674	0.43592135132773696	0.0
48	155	156	182	1	1	1	3.7071049923878854	2.3889680917074396	0.0
49	153	154	180	1	1	1	4.561596429451564	1.43444534888969	0.0
50	153	180	179	1	1	1	4.685608461775497	1.0785012553743691	0.0
51	153	179	152	1	1	1	4.811717427992144	0.8406994462946938	0.0
52	140	141	169	1	1	1	0.29289500761211484	-2.38896809170744	0.0
53	170	141	142	1	1	1	0.8555429239210389	-2.703086931165849	0.0
54	170	169	141	1	1	1	0.6194678475505903	-2.5441564688773113	0.0
55	167	138	139	1	1	1	-0.5615964294515633	-1.4344453488896909	0.0
56	229	228	212	1	1	1	0.06764589798320346	-0.5396380762553535	0.0
57	229	241	228	1	1	1	0.3226413799725394	-0.27525293020398994	0.0
58	229	242	241	1	1	1	0.575666692951058	-0.5523329800891077	0.0
59	37	22	38	1	1	1	-0.13379595634171637	-0.2643851460513634	0.0
60	52	51	33	1	1	1	1.3738943278546536	2.4364350645686232	0.0
61	109	82	110	1	1	1	-0.18731004267145682	-1.9590901048737923	0.0
62	57	80	56	1	1	1	-0.6572519095159427	-0.47747674486700054	0.0
63	57	37	38	1	1	1	-0.3455999286015314	-0.512851078789052	0.0
64	57	56	37	1	1	1	-0.5011289741345526	-0.24846593273768844	0.0
65	23	38	22	1	1	1	0.06764589798320346	-0.5396380762553534	0.0
66	23	39	38	1	1	1	0.10987881987544228	-1.0365196178350955	0.0
67	234	233	218	1	1	1	3.5592667043529267	-1.2681231136091573	0.0
68	234	245	233	1	1	1	3.3484743132666464	-1.048321621914533	0.0
69	189	163	164	1	1	1	-0.6226592316322779	0.9221890931451018	0.0
70	189	211	210	1	1	1	-0.3455999286015312	0.5128510787890522	0.0
71	129	130	159	1	1	1	1.473099465497845	2.886173083094329	0.0
72	107	80	108	1	1	1	-0.8117174279921441	-0.8406994462946952	0.0
73	190	189	164	1	1	1	-0.6572519095159429	0.47747674486700076	0.0
74	190	211	189	1	1	1	-0.5011289741345527	0.24846593273768866	0.0
75	226	208	209	1	1	1	0.6257966680035223	1.6623168734082234	0.0
76	226	239	225	1	1	1	1.3176268680964616	1.5628013001758951	0.0
77	226	225	208	1	1	1	1.076791244187221	1.7839230518603149	0.0
78	250	255	249	1	1	1	1.4665558437887458	0.25139390483173124	0.0
79	250	241	242	1	1	1	0.856950614734413	-0.27708004988511764	0.0
80	222	203	204	1	1	1	3.9116153480365203	1.6401957950137487	0.0
81	222	237	236	1	1	1	3.5592667043529267	1.2681231136091569	0.0
82	222	236	221	1	1	1	3.890121180124558	1.0365196178350948	0.0
83	222	221	203	1	1	1	4.060471960398736	1.2380693209198732	0.0
84	247	236	237	1	1	1	3.3484743132666472	1.0483216219145326	0.0
85	207	208	225	1	1	1	1.3380971306869966	2.049201097665995	0.0
86	207	185	186	1	1	1	1.3738943278546536	2.4364350645686237	0.0
87	207	186	208	1	1	1	1.1128995832787927	2.2329371770689357	0.0
88	88	117	116	1	1	1	3.7071049923878836	-2.3889680917074414	0.0
89	88	116	87	1	1	1	3.3805321524494083	-2.544156468877312	0.0
90	174	197	173	1	1	1	3.249303122609222	-2.48452501355569	0.0
91	30	47	29	1	1	1	3.9323541020167965	0.5396380762553529	0.0
92	30	29	16	1	1	1	3.6773586200274604	0.2752529302039898	0.0
93	95	96	125	1	1	1	3.925792755705808	2.161681656159625	0.0
94	95	70	96	1	1	1	3.837419802561682	2.088626896284286	0.0
95	69	70	95	1	1	1	4.035735112419133	1.777883072642588	0.0
96	69	95	94	1	1	1	4.305528092430707	1.5560838007754498	0.0
97	71	96	70	1	1	1	3.4875030094035737	2.2562818765104793	0.0
98	71	70	49	1	1	1	3.330404166630398	2.1381821095830684	0.0
99	71	50	72	1	1	1	2.6261056721453464	2.4364350645686232	0.0
100	71	49	50	1	1	1	2.8871004167212075	2.2329371770689352	0.0
101	45	44	28	1	1	1	3.890121180124557	-1.036519617835096	0.0
102	45	46	66	1	1	1	4.345599928601531	-0.5128510787890526	0.0
103	45	28	29	1	1	1	3.9323541020167965	-0.5396380762553542	0.0
104	45	29	46	1	1	1	4.133795956341715	-0.26438514605136415	0.0
105	92	121	120	1	1	1	4.925562615085743	-0.20691053919842695	0.0
106	92	122	121	1	1	1	4.9255626150857434	0.20691053919842503	0.0
107	89	90	118	1	1	1	4.368730069538905	-1.6642360731313168	0.0
108	89	88	64	1	1	1	3.837419802561682	-2.0886268962842873	0.0
109	89	118	117	1	1	1	4.187310042671456	-1.9590901048737936	0.0
110	89	117	88	1	1	1	3.9257927557058063	-2.1616816561596273	0.0
111	91	120	119	1	1	1	4.811717427992144	-0.8406994462946966	0.0
112	91	119	90	1	1	1	4.685608461775495	-1.0785012553743716	0.0
113	91	90	66	1	1	1	4.622659231632277	-0.9221890931451022	0.0
114	91	92	120	1	1	1	4.859511277157673	-0.4359213513277389	0.0
115	184	157	158	1	1	1	2.5269005345021567	2.8861730830943295	0.0
116	184	183	157	1	1	1	2.762211124014437	2.7911948396731883	0.0
117	184	206	183	1	1	1	2.5801926130358495	2.717662497956928	0.0
118	205	204	182	1	1	1	3.4875030094035737	2.2562818765104793	0.0
119	205	182	183	1	1	1	3.249303122609223	2.4845250135556896	0.0
120	205	183	206	1	1	1	2.831209535260186	2.569923134127967	0.0
121	205	206	224	1	1	1	2.6261056721453464	2.4364350645686232	0.0
122	223	224	238	1	1	1	2.661902869313004	2.0492010976659945	0.0
123	223	238	237	1	1	1	2.9232087558127797	1.7839230518603142	0.0
124	223	205	224	1	1	1	2.8871004167212084	2.2329371770689352	0.0
125	223	204	205	1	1	1	3.3304041666303985	2.138182109583069	0.0
126	223	222	204	1	1	1	3.5562011954058934	1.8328398517280367	0.0
127	223	237	222	1	1	1	3.3742033319964784	1.6623168734082228	0.0
128	128	127	98	1	1	1	2.5269005345021567	2.8861730830943295	0.0
129	97	127	126	1	1	1	3.1444570760789614	2.7030869311658487	0.0
130	97	126	96	1	1	1	3.3805321524494096	2.5441564688773113	0.0
131	97	96	71	1	1	1	3.249303122609223	2.48452501355569	0.0
132	97	98	127	1	1	1	2.762211124014438	2.7911948396731883	0.0
133	97	72	98	1	1	1	2.580192613035849	2.717662497956928	0.0
134	97	71	72	1	1	1	2.831209535260186	2.569923134127967	0.0
135	102	101	75	1	1	1	0.2928950076121155	2.3889680917074405	0.0
136	79	106	105	1	1	1	-0.9255626150857434	0.2069105391984264	0.0
137	79	105	78	1	1	1	-0.8595112771576737	0.4359213513277385	0.0
138	79	78	56	1	1	1	-0.7679949888246912	0.2290108121293123	0.0
139	79	56	80	1	1	1	-0.7679949888246912	-0.22901081212931196	0.0
140	79	107	106	1	1	1	-0.9255626150857436	-0.2069105391984258	0.0
141	79	80	107	1	1	1	-0.859511277157674	-0.43592135132773796	0.0
142	172	173	196	1	1	1	2.5801926130358477	-2.7176624979569284	0.0
143	172	145	173	1	1	1	2.7622111240144362	-2.7911948396731887	0.0
144	177	150	178	1	1	1	4.859511277157673	-0.43592135132773885	0.0
145	177	200	176	1	1	1	4.622659231632277	-0.9221890931451022	0.0
146	177	201	200	1	1	1	4.657251909515943	-0.47747674486700076	0.0
147	177	178	201	1	1	1	4.767994988824691	-0.22901081212931249	0.0
148	177	149	150	1	1	1	4.811717427992143	-0.8406994462946965	0.0
149	177	176	149	1	1	1	4.685608461775495	-1.0785012553743716	0.0
150	181	155	182	1	1	1	3.925792755705808	2.1616816561596255	0.0
151	181	154	155	1	1	1	4.1873100426714585	1.9590901048737912	0.0
152	181	182	204	1	1	1	3.837419802561683	2.088626896284286	0.0
153	181	180	154	1	1	1	4.3687300695389055	1.6642360731313144	0.0
154	181	204	203	1	1	1	4.035735112419134	1.777883072642588	0.0
155	181	203	180	1	1	1	4.305528092430707	1.5560838007754498	0.0
156	124	94	95	1	1	1	4.3687300695389055	1.6642360731313142	0.0
157	124	95	125	1	1	1	4.1873100426714585	1.9590901048737914	0.0
158	171	142	143	1	1	1	1.4730994654978442	-2.8861730830943295	0.0
159	171	170	142	1	1	1	1.2377888759855624	-2.7911948396731887	0.0
160	171	195	170	1	1	1	1.4198073869641512	-2.7176624979569284	0.0
161	194	193	169	1	1	1	0.512496990596426	-2.2562818765104793	0.0
162	194	169	170	1	1	1	0.7506968773907771	-2.48452501355569	0.0
163	194	170	195	1	1	1	1.1687904647398144	-2.569923134127967	0.0
164	168	167	139	1	1	1	-0.3687300695389049	-1.664236073131315	0.0
165	168	169	193	1	1	1	0.16258019743831728	-2.088626896284287	0.0
166	168	193	192	1	1	1	-0.035735112419134	-1.7778830726425887	0.0
167	168	192	167	1	1	1	-0.30552809243070644	-1.5560838007754512	0.0
168	168	139	140	1	1	1	-0.18731004267145668	-1.959090104873792	0.0
169	168	140	169	1	1	1	0.07420724429419308	-2.161681656159626	0.0
170	251	242	243	1	1	1	1.327820087415514	-0.9767988930354856	0.0
171	251	255	250	1	1	1	1.4665558437887454	-0.2513939048317312	0.0
172	251	250	242	1	1	1	1.1832050129331795	-0.5284739547168488	0.0
173	4	3	1	1	1	1	1.4665558437887458	0.25139390483173124	0.0
174	74	75	101	1	1	1	0.6194678475505911	2.5441564688773117	0.0
175	74	52	75	1	1	1	0.7506968773907777	2.48452501355569	0.0
176	74	73	51	1	1	1	1.4198073869641519	2.7176624979569284	0.0
177	74	51	52	1	1	1	1.1687904647398148	2.569923134127967	0.0
178	81	80	57	1	1	1	-0.6226592316322779	-0.9221890931451014	0.0
179	81	108	80	1	1	1	-0.6856084617754964	-1.07850125537437	0.0
180	81	109	108	1	1	1	-0.5615964294515635	-1.4344453488896913	0.0
181	81	82	109	1	1	1	-0.3687300695389051	-1.664236073131315	0.0
182	219	234	218	1	1	1	3.890121180124557	-1.0365196178350962	0.0
183	219	218	199	1	1	1	4.060471960398735	-1.2380693209198745	0.0
184	219	199	200	1	1	1	4.314508854550789	-0.9896537120778212	0.0
185	219	200	220	1	1	1	4.345599928601531	-0.5128510787890527	0.0
186	134	163	133	1	1	1	-0.5615964294515633	1.4344453488896916	0.0
187	134	164	163	1	1	1	-0.6856084617754963	1.0785012553743705	0.0
188	134	135	164	1	1	1	-0.8117174279921436	0.8406994462946958	0.0
189	162	132	133	1	1	1	-0.18731004267145632	1.9590901048737928	0.0
190	162	161	132	1	1	1	0.0742072442941936	2.161681656159627	0.0
191	162	187	161	1	1	1	0.16258019743831756	2.088626896284287	0.0
192	162	133	163	1	1	1	-0.3687300695389048	1.6642360731313157	0.0
193	188	163	189	1	1	1	-0.4354452222001462	1.1699809143045585	0.0
194	188	162	163	1	1	1	-0.30552809243070617	1.5560838007754516	0.0
195	188	210	209	1	1	1	-0.06047196039873589	1.2380693209198745	0.0
196	188	189	210	1	1	1	-0.3145088545507897	0.9896537120778212	0.0
197	188	209	187	1	1	1	0.08838465196348004	1.6401957950137493	0.0
198	188	187	162	1	1	1	-0.035735112419133706	1.7778830726425892	0.0
199	165	136	137	1	1	1	-0.9255626150857433	-0.2069105391984258	0.0
200	165	190	164	1	1	1	-0.7679949888246913	0.2290108121293123	0.0
201	165	135	136	1	1	1	-0.9255626150857431	0.2069105391984264	0.0
202	165	164	135	1	1	1	-0.8595112771576736	0.43592135132773846	0.0
203	227	209	210	1	1	1	0.10987881987544242	1.0365196178350957	0.0
204	227	226	209	1	1	1	0.4407332956470735	1.268123113609157	0.0
205	227	210	228	1	1	1	0.0676458979832036	0.5396380762553538	0.0
206	227	228	241	1	1	1	0.3226413799725394	0.27525293020399016	0.0
207	246	245	234	1	1	1	3.424333307048942	-0.552332980089108	0.0
208	246	236	247	1	1	1	3.4243333070489417	0.5523329800891075	0.0
209	147	175	174	1	1	1	3.9257927557058054	-2.1616816561596273	0.0
210	147	148	175	1	1	1	4.187310042671456	-1.9590901048737932	0.0
211	146	147	174	1	1	1	3.7071049923878836	-2.3889680917074405	0.0
212	146	173	145	1	1	1	3.1444570760789596	-2.703086931165849	0.0
213	146	174	173	1	1	1	3.3805321524494083	-2.544156468877312	0.0
214	198	217	197	1	1	1	3.330404166630398	-2.138182109583069	0.0
215	198	197	174	1	1	1	3.4875030094035737	-2.2562818765104793	0.0
216	198	218	217	1	1	1	3.5562011954058925	-1.8328398517280373	0.0
217	198	174	175	1	1	1	3.837419802561682	-2.0886268962842873	0.0
218	198	199	218	1	1	1	3.91161534803652	-1.6401957950137493	0.0
219	198	175	199	1	1	1	4.035735112419133	-1.7778830726425892	0.0
220	17	30	16	1	1	1	3.4243333070489417	0.5523329800891074	0.0
221	48	70	69	1	1	1	3.91161534803652	1.6401957950137491	0.0
222	48	49	70	1	1	1	3.5562011954058934	1.8328398517280367	0.0
223	48	47	30	1	1	1	3.890121180124558	1.0365196178350946	0.0
224	48	69	47	1	1	1	4.060471960398737	1.2380693209198734	0.0
225	93	122	92	1	1	1	4.859511277157674	0.43592135132773696	0.0
226	65	90	89	1	1	1	4.3055280924307056	-1.556083800775452	0.0
227	65	66	90	1	1	1	4.435445222200146	-1.1699809143045588	0.0
228	65	64	44	1	1	1	3.91161534803652	-1.6401957950137493	0.0
229	65	89	64	1	1	1	4.035735112419133	-1.7778830726425892	0.0
230	65	45	66	1	1	1	4.314508854550789	-0.9896537120778212	0.0
231	65	44	45	1	1	1	4.060471960398735	-1.2380693209198745	0.0
232	24	12	13	1	1	1	1.0774246829990428	-1.2213936300291792	0.0
233	24	23	12	1	1	1	0.6515256867333533	-1.0483216219145326	0.0
234	24	39	23	1	1	1	0.44073329564707336	-1.2681231136091569	0.0
235	14	27	26	1	1	1	2.6823731319035375	-1.5628013001758951	0.0
236	14	6	15	1	1	1	2.6721799125844856	-0.9767988930354857	0.0
237	14	15	27	1	1	1	2.9225753170009567	-1.2213936300291792	0.0
238	5	13	12	1	1	1	1.3278200874155142	-0.9767988930354855	0.0
239	5	4	1	1	1	1	1.4665558437887458	-0.2513939048317312	0.0
240	5	12	4	1	1	1	1.1832050129331797	-0.5284739547168487	0.0
241	63	62	42	1	1	1	2.626105672145346	-2.4364350645686232	0.0
242	63	87	62	1	1	1	2.8312095352601845	-2.569923134127967	0.0
243	63	88	87	1	1	1	3.249303122609222	-2.48452501355569	0.0
244	63	64	88	1	1	1	3.4875030094035737	-2.2562818765104793	0.0
245	144	145	172	1	1	1	2.5269005345021545	-2.8861730830943295	0.0
246	123	94	124	1	1	1	4.561596429451565	1.4344453488896904	0.0
247	123	122	93	1	1	1	4.811717427992145	0.840699446294694	0.0
248	123	93	94	1	1	1	4.685608461775497	1.078501255374369	0.0
249	215	194	195	1	1	1	1.3738943278546536	-2.4364350645686232	0.0
250	230	242	229	1	1	1	0.6515256867333532	-1.0483216219145326	0.0
251	230	231	243	1	1	1	1.3176268680964613	-1.5628013001758951	0.0
252	230	243	242	1	1	1	1.0774246829990426	-1.2213936300291797	0.0
253	55	56	78	1	1	1	-0.6572519095159426	0.47747674486700076	0.0
254	55	37	56	1	1	1	-0.5011289741345525	0.24846593273768858	0.0
255	34	52	33	1	1	1	1.1128995832787927	2.2329371770689357	0.0
256	10	3	4	1	1	1	1.1832050129331797	0.5284739547168488	0.0
257	100	74	101	1	1	1	0.8555429239210396	2.703086931165849	0.0
258	100	99	73	1	1	1	1.4730994654978449	2.8861730830943295	0.0
259	100	73	74	1	1	1	1.2377888759855633	2.7911948396731887	0.0
260	58	81	57	1	1	1	-0.4354452222001462	-1.1699809143045583	0.0
261	58	38	39	1	1	1	-0.060471960398736035	-1.2380693209198743	0.0
262	58	57	38	1	1	1	-0.31450885455078986	-0.9896537120778208	0.0
263	58	82	81	1	1	1	-0.3055280924307063	-1.5560838007754512	0.0
264	58	59	82	1	1	1	-0.03573511241913385	-1.7778830726425887	0.0
265	58	39	59	1	1	1	0.08838465196348004	-1.6401957950137493	0.0
266	83	110	82	1	1	1	0.07420724429419308	-2.161681656159626	0.0
267	83	82	59	1	1	1	0.16258019743831728	-2.0886268962842864	0.0
268	60	61	84	1	1	1	1.1687904647398144	-2.569923134127967	0.0
269	60	84	83	1	1	1	0.7506968773907774	-2.48452501355569	0.0
270	60	83	59	1	1	1	0.512496990596426	-2.256281876510479	0.0
271	60	41	61	1	1	1	1.3738943278546536	-2.4364350645686232	0.0
272	86	62	87	1	1	1	2.5801926130358472	-2.7176624979569284	0.0
273	86	115	114	1	1	1	2.5269005345021545	-2.8861730830943295	0.0
274	86	87	115	1	1	1	2.7622111240144362	-2.7911948396731887	0.0
275	166	165	137	1	1	1	-0.859511277157674	-0.43592135132773796	0.0
276	166	137	138	1	1	1	-0.8117174279921439	-0.840699446294695	0.0
277	166	138	167	1	1	1	-0.6856084617754964	-1.07850125537437	0.0
278	166	190	165	1	1	1	-0.7679949888246914	-0.22901081212931199	0.0
279	240	226	227	1	1	1	0.6515256867333533	1.0483216219145328	0.0
280	240	249	239	1	1	1	1.3278200874155142	0.9767988930354857	0.0
281	240	239	226	1	1	1	1.0774246829990428	1.2213936300291797	0.0
282	240	227	241	1	1	1	0.575666692951058	0.5523329800891078	0.0
283	240	241	250	1	1	1	0.856950614734413	0.27708004988511775	0.0
284	240	250	249	1	1	1	1.1832050129331797	0.528473954716849	0.0
285	248	237	238	1	1	1	2.682373131903539	1.5628013001758951	0.0
286	248	247	237	1	1	1	2.9225753170009576	1.2213936300291792	0.0
287	248	254	247	1	1	1	2.672179912584486	0.9767988930354856	0.0
288	235	236	246	1	1	1	3.6773586200274604	0.2752529302039898	0.0
289	235	221	236	1	1	1	3.9323541020167965	0.5396380762553529	0.0
290	235	220	221	1	1	1	4.133795956341716	0.26438514605136276	0.0
291	235	246	234	1	1	1	3.677358620027461	-0.2752529302039904	0.0
292	235	219	220	1	1	1	4.133795956341715	-0.26438514605136426	0.0
293	235	234	219	1	1	1	3.9323541020167965	-0.5396380762553542	0.0
294	253	247	254	1	1	1	2.816794987066821	0.5284739547168488	0.0
295	253	246	247	1	1	1	3.1430493852655865	0.2770800498851174	0.0
296	253	254	256	1	1	1	2.5334441562112544	0.25139390483173113	0.0
297	253	256	252	1	1	1	2.5334441562112544	-0.25139390483173135	0.0
298	253	252	245	1	1	1	2.8167949870668196	-0.5284739547168491	0.0
299	253	245	246	1	1	1	3.1430493852655865	-0.27708004988511786	0.0
300	7	17	16	1	1	1	3.1430493852655865	0.27708004988511736	0.0
301	7	6	2	1	1	1	2.533444156211254	-0.25139390483173135	0.0
302	7	15	6	1	1	1	2.8167949870668196	-0.528473954716849	0.0
303	7	16	15	1	1	1	3.1430493852655865	-0.2770800498851178	0.0
304	31	30	17	1	1	1	3.3484743132666472	1.0483216219145324	0.0
305	31	48	30	1	1	1	3.5592667043529267	1.2681231136091569	0.0
306	31	49	48	1	1	1	3.3742033319964784	1.6623168734082228	0.0
307	31	17	18	1	1	1	2.9225753170009576	1.2213936300291792	0.0
308	68	69	94	1	1	1	4.435445222200147	1.169980914304557	0.0
309	68	94	93	1	1	1	4.622659231632278	0.9221890931451004	0.0
310	68	47	69	1	1	1	4.31450885455079	0.9896537120778198	0.0
311	68	46	47	1	1	1	4.345599928601532	0.5128510787890511	0.0
312	25	24	13	1	1	1	1.3176268680964616	-1.5628013001758951	0.0
313	43	63	42	1	1	1	2.887100416721207	-2.2329371770689357	0.0
314	43	42	26	1	1	1	2.661902869313003	-2.049201097665995	0.0
315	43	26	27	1	1	1	2.923208755812779	-1.7839230518603149	0.0
316	43	64	63	1	1	1	3.330404166630398	-2.138182109583069	0.0
317	43	44	64	1	1	1	3.5562011954058925	-1.8328398517280373	0.0
318	43	27	44	1	1	1	3.3742033319964775	-1.6623168734082234	0.0
319	214	215	231	1	1	1	1.338097130686996	-2.049201097665995	0.0
320	214	231	230	1	1	1	1.076791244187221	-1.7839230518603149	0.0
321	214	194	215	1	1	1	1.1128995832787922	-2.2329371770689357	0.0
322	214	193	194	1	1	1	0.6695958333696019	-2.138182109583069	0.0
323	213	192	193	1	1	1	0.08838465196347989	-1.6401957950137493	0.0
324	213	193	214	1	1	1	0.4437988045941072	-1.832839851728037	0.0
325	213	214	230	1	1	1	0.6257966680035222	-1.6623168734082234	0.0
326	213	230	229	1	1	1	0.44073329564707336	-1.2681231136091569	0.0
327	213	212	192	1	1	1	-0.06047196039873618	-1.2380693209198743	0.0
328	213	229	212	1	1	1	0.10987881987544228	-1.0365196178350955	0.0
329	36	22	37	1	1	1	-0.13379595634171623	0.2643851460513637	0.0
330	36	37	55	1	1	1	-0.34559992860153105	0.5128510787890521	0.0
331	36	54	35	1	1	1	-0.06047196039873589	1.2380693209198743	0.0
332	36	55	54	1	1	1	-0.31450885455078953	0.9896537120778209	0.0
333	19	34	33	1	1	1	1.3380971306869966	2.049201097665995	0.0
334	11	10	4	1	1	1	0.8569506147344134	0.27708004988511764	0.0
335	11	4	12	1	1	1	0.8569506147344134	-0.2770800498851175	0.0
336	11	23	22	1	1	1	0.32264137997253955	-0.27525293020398994	0.0
337	11	12	23	1	1	1	0.5756666929510583	-0.5523329800891075	0.0
338	20	35	34	1	1	1	0.6257966680035224	1.6623168734082234	0.0
339	20	34	19	1	1	1	1.076791244187221	1.7839230518603149	0.0
340	111	84	112	1	1	1	0.8555429239210387	-2.703086931165849	0.0
341	111	83	84	1	1	1	0.6194678475505903	-2.5441564688773113	0.0
342	111	110	83	1	1	1	0.2928950076121148	-2.3889680917074405	0.0
343	40	60	59	1	1	1	0.669595833369602	-2.138182109583069	0.0
344	40	59	39	1	1	1	0.44379880459410725	-1.8328398517280367	0.0
345	40	39	24	1	1	1	0.6257966680035223	-1.6623168734082234	0.0
346	40	41	60	1	1	1	1.1128995832787927	-2.2329371770689357	0.0
347	40	25	41	1	1	1	1.3380971306869964	-2.049201097665995	0.0
348	40	24	25	1	1	1	1.076791244187221	-1.7839230518603149	0.0
349	85	84	61	1	1	1	1.4198073869641512	-2.7176624979569284	0.0
350	85	112	84	1	1	1	1.2377888759855624	-2.7911948396731883	0.0
351	191	167	192	1	1	1	-0.43544522220014636	-1.1699809143045583	0.0
352	191	166	167	1	1	1	-0.622659231632278	-0.9221890931451014	0.0
353	191	192	212	1	1	1	-0.31450885455079	-0.9896537120778208	0.0
354	191	190	166	1	1	1	-0.657251909515943	-0.47747674486700054	0.0
355	191	212	211	1	1	1	-0.3455999286015314	-0.5128510787890519	0.0
356	191	211	190	1	1	1	-0.5011289741345527	-0.24846593273768838	0.0
357	8	7	2	1	1	1	2.5334441562112544	0.25139390483173113	0.0
358	8	17	7	1	1	1	2.8167949870668205	0.5284739547168485	0.0
359	8	18	17	1	1	1	2.672179912584486	0.9767988930354853	0.0
360	67	93	92	1	1	1	4.767994988824691	0.22901081212931143	0.0
361	67	68	93	1	1	1	4.657251909515943	0.47747674486699987	0.0
362	67	46	68	1	1	1	4.501128974134553	0.2484659327376879	0.0
363	67	66	46	1	1	1	4.501128974134552	-0.24846593273768883	0.0
364	67	91	66	1	1	1	4.657251909515943	-0.47747674486700076	0.0
365	67	92	91	1	1	1	4.767994988824691	-0.22901081212931243	0.0
366	76	103	102	1	1	1	-0.18731004267145654	1.959090104873793	0.0
367	76	102	75	1	1	1	0.07420724429419352	2.1616816561596264	0.0
368	21	22	36	1	1	1	0.0676458979832036	0.5396380762553538	0.0
369	21	11	22	1	1	1	0.32264137997253955	0.27525293020399016	0.0
370	21	10	11	1	1	1	0.5756666929510583	0.5523329800891077	0.0
371	21	36	35	1	1	1	0.10987881987544242	1.0365196178350955	0.0
372	21	35	20	1	1	1	0.4407332956470735	1.268123113609157	0.0
373	21	20	10	1	1	1	0.6515256867333534	1.0483216219145326	0.0
374	32	31	18	1	1	1	2.682373131903539	1.5628013001758945	0.0
375	32	50	49	1	1	1	2.661902869313004	2.0492010976659945	0.0
376	32	49	31	1	1	1	2.9232087558127797	1.7839230518603142	0.0
377	9	3	10	1	1	1	1.3278200874155142	0.9767988930354855	0.0
378	9	10	20	1	1	1	1.0774246829990428	1.2213936300291792	0.0
379	9	20	19	1	1	1	1.3176268680964616	1.5628013001758951	0.0
380	113	112	85	1	1	1	1.4730994654978442	-2.8861730830943295	0.0
381	77	104	103	1	1	1	-0.5615964294515633	1.4344453488896916	0.0
382	77	103	76	1	1	1	-0.3687300695389048	1.6642360731313157	0.0
383	77	76	54	1	1	1	-0.305528092430706	1.5560838007754512	0.0
384	77	78	104	1	1	1	-0.6856084617754962	1.0785012553743705	0.0
385	77	55	78	1	1	1	-0.6226592316322775	0.9221890931451014	0.0
386	77	54	55	1	1	1	-0.4354452222001459	1.1699809143045583	0.0
387	53	76	75	1	1	1	0.16258019743831773	2.088626896284287	0.0
388	53	34	35	1	1	1	0.4437988045941074	1.8328398517280367	0.0
389	53	35	54	1	1	1	0.08838465196348018	1.6401957950137493	0.0
390	53	54	76	1	1	1	-0.035735112419133554	1.777883072642589	0.0
391	53	75	52	1	1	1	0.5124969905964262	2.2562818765104793	0.0
392	53	52	34	1	1	1	0.6695958333696023	2.138182109583069	0.0
393	148	119	149	1	1	1	4.623414329553551	-1.3945110955785491	0.0
394	148	118	119	1	1	1	4.519389199407068	-1.5746879062562247	0.0
395	150	121	151	1	1	1	4.963807006025731	-0.20691053919842692	0.0
396	150	120	121	1	1	1	4.942059832034871	-0.4138210783968533	0.0
397	150	149	119	1	1	1	4.791730525814695	-1.0164667291323424	0.0
398	150	119	120	1	1	1	4.856021591929353	-0.8185991733638112	0.0
399	152	151	121	1	1	1	4.963807006025731	0.20691053919842498	0.0
400	152	121	122	1	1	1	4.9420598320348725	0.41382107839685056	0.0
401	127	156	126	1	1	1	3.3027137197562944	2.670187428731795	0.0
402	127	157	156	1	1	1	3.1126503495042908	2.7548090931944036	0.0
403	155	126	156	1	1	1	3.66109328626944	2.463276889533368	0.0
404	155	125	126	1	1	1	3.829409482530584	2.3409880147975506	0.0
405	109	139	138	1	1	1	-0.5193891994070676	-1.5746879062562231	0.0
406	109	138	108	1	1	1	-0.6234143295535524	-1.3945110955785474	0.0
407	109	110	140	1	1	1	-0.1369384756146781	-2.0640876656857894	0.0
408	109	140	139	1	1	1	-0.27615127243763055	-1.9094761913098441	0.0
409	135	105	106	1	1	1	-0.942059832034872	0.4138210783968526	0.0
410	135	106	136	1	1	1	-0.9638070060257312	0.2069105391984264	0.0
411	107	108	138	1	1	1	-0.7917305258146956	-1.01646672913234	0.0
412	107	138	137	1	1	1	-0.8560215919293541	-0.8185991733638089	0.0
413	107	136	106	1	1	1	-0.9638070060257315	-0.2069105391984258	0.0
414	107	137	136	1	1	1	-0.9420598320348721	-0.4138210783968517	0.0
415	207	224	206	1	1	1	2.1255104821055073	2.395477952764955	0.0
416	207	206	185	1	1	1	1.8657681434560731	2.507155842636594	0.0
417	207	225	238	1	1	1	1.8657681434560731	1.9982421276947722	0.0
418	207	238	224	1	1	1	2.1411657860877082	2.1410210952940436	0.0
419	50	33	51	1	1	1	1.874489517894493	2.395477952764955	0.0
420	50	51	72	1	1	1	2.134231856543927	2.507155842636594	0.0
421	184	129	159	1	1	1	1.8959748698535162	2.8896593271390603	0.0
422	184	158	129	1	1	1	2.115346411271576	2.9294291644869155	0.0
423	184	185	206	1	1	1	2.1153464112715756	2.695852318269223	0.0
424	184	159	185	1	1	1	1.8744895178944934	2.7728709040302135	0.0
425	128	157	127	1	1	1	2.719083116314678	2.8826868390495988	0.0
426	128	158	157	1	1	1	2.5155792533770667	2.925942920442185	0.0
427	128	129	158	1	1	1	2.104025130146486	2.9691990018347716	0.0
428	128	99	129	1	1	1	1.8959748698535164	2.9691990018347716	0.0
429	73	99	128	1	1	1	1.8846535887284261	2.9294291644869155	0.0
430	73	128	98	1	1	1	2.104025130146486	2.8896593271390603	0.0
431	73	72	51	1	1	1	1.8846535887284255	2.695852318269223	0.0
432	73	98	72	1	1	1	2.125510482105508	2.7728709040302135	0.0
433	102	133	132	1	1	1	-0.13693847561467756	2.0640876656857894	0.0
434	102	103	133	1	1	1	-0.27615127243763044	1.9094761913098448	0.0
435	102	132	131	1	1	1	0.1705905174694183	2.340988014797552	0.0
436	102	131	101	1	1	1	0.33890671373056147	2.4632768895333697	0.0
437	124	125	155	1	1	1	4.13693847561468	2.064087665685788	0.0
438	124	155	154	1	1	1	4.276151272437631	1.9094761913098435	0.0
439	171	172	196	1	1	1	2.1255104821055064	-2.772870904030214	0.0
440	171	196	195	1	1	1	1.884653588728425	-2.695852318269223	0.0
441	251	252	256	1	1	1	2.0980171403295604	-0.5027878096634625	0.0
442	251	256	255	1	1	1	1.8548576613727688	-0.2513939048317312	0.0
443	251	244	252	1	1	1	2.1456696027721276	-0.9511127479820992	0.0
444	251	243	244	1	1	1	1.8548576613727683	-1.1480437814690048	0.0
445	231	244	243	1	1	1	1.858834213912292	-1.515137596669107	0.0
446	231	232	244	1	1	1	2.1456696027721276	-1.6853003783823033	0.0
447	61	42	62	1	1	1	2.1342318565439267	-2.507155842636594	0.0
448	61	41	42	1	1	1	1.8744895178944923	-2.395477952764955	0.0
449	134	133	103	1	1	1	-0.5193891994070676	1.5746879062562236	0.0
450	134	103	104	1	1	1	-0.6234143295535522	1.394511095578548	0.0
451	134	105	135	1	1	1	-0.8560215919293538	0.8185991733638098	0.0
452	134	104	105	1	1	1	-0.7917305258146953	1.0164667291323413	0.0
453	254	255	256	1	1	1	2.1451423386272315	0.2513939048317312	0.0
454	254	249	255	1	1	1	1.9019828596704391	0.5027878096634625	0.0
455	147	118	148	1	1	1	4.27615127243763	-1.9094761913098448	0.0
456	147	117	118	1	1	1	4.136938475614677	-2.06408766568579	0.0
457	146	145	115	1	1	1	3.1126503495042894	-2.7548090931944045	0.0
458	146	115	116	1	1	1	3.302713719756292	-2.6701874287317957	0.0
459	146	117	147	1	1	1	3.829409482530581	-2.3409880147975524	0.0
460	146	116	117	1	1	1	3.6610932862694376	-2.46327688953337	0.0
461	5	2	6	1	1	1	2.0980171403295604	-0.5027878096634625	0.0
462	5	1	2	1	1	1	1.8548576613727688	-0.2513939048317312	0.0
463	5	6	14	1	1	1	2.1456696027721276	-0.9511127479820991	0.0
464	5	14	13	1	1	1	1.8548576613727683	-1.1480437814690045	0.0
465	144	115	145	1	1	1	2.719083116314676	-2.8826868390495988	0.0
466	144	114	115	1	1	1	2.515579253377064	-2.925942920442185	0.0
467	144	172	171	1	1	1	2.104025130146484	-2.8896593271390603	0.0
468	144	171	143	1	1	1	1.8846535887284244	-2.9294291644869155	0.0
469	123	124	154	1	1	1	4.519389199407068	1.574687906256223	0.0
470	123	154	153	1	1	1	4.623414329553552	1.3945110955785465	0.0
471	123	152	122	1	1	1	4.856021591929355	0.8185991733638076	0.0
472	123	153	152	1	1	1	4.791730525814695	1.0164667291323386	0.0
473	215	195	196	1	1	1	1.8657681434560727	-2.507155842636594	0.0
474	215	196	216	1	1	1	2.1255104821055064	-2.395477952764955	0.0
475	215	232	231	1	1	1	1.8657681434560727	-1.9982421276947722	0.0
476	215	216	232	1	1	1	2.1411657860877074	-2.141021095294044	0.0
477	100	101	131	1	1	1	0.6972862802437073	2.6701874287317957	0.0
478	100	131	130	1	1	1	0.8873496504957098	2.7548090931944036	0.0
479	100	129	99	1	1	1	1.484420746622935	2.925942920442185	0.0
480	100	130	129	1	1	1	1.2809168836853237	2.8826868390495988	0.0
481	248	238	225	1	1	1	2.1456696027721285	1.685300378382303	0.0
482	248	225	239	1	1	1	1.8588342139122922	1.515137596669107	0.0
483	248	249	254	1	1	1	2.145669602772128	0.9511127479820992	0.0
484	248	239	249	1	1	1	1.854857661372769	1.1480437814690048	0.0
485	25	42	41	1	1	1	1.8588342139122915	-2.1410210952940445	0.0
486	25	26	42	1	1	1	2.1342318565439267	-1.9982421276947722	0.0
487	25	13	14	1	1	1	1.858834213912292	-1.5151375966691065	0.0
488	25	14	26	1	1	1	2.1456696027721276	-1.685300378382303	0.0
489	111	112	142	1	1	1	0.8873496504957092	-2.7548090931944036	0.0
490	111	142	141	1	1	1	0.6972862802437064	-2.670187428731795	0.0
491	111	140	110	1	1	1	0.17059051746941747	-2.3409880147975515	0.0
492	111	141	140	1	1	1	0.3389067137305605	-2.4632768895333688	0.0
493	85	61	62	1	1	1	1.8846535887284246	-2.695852318269223	0.0
494	85	62	86	1	1	1	2.1255104821055064	-2.7728709040302135	0.0
495	8	2	1	1	1	1	2.1451423386272315	0.2513939048317312	0.0
496	8	1	3	1	1	1	1.9019828596704393	0.5027878096634625	0.0
497	32	33	50	1	1	1	2.1411657860877082	2.1410210952940436	0.0
498	32	19	33	1	1	1	1.865768143456073	1.9982421276947717	0.0
499	9	8	3	1	1	1	1.8543303972278722	0.9511127479820991	0.0
500	9	18	8	1	1	1	2.1451423386272315	1.1480437814690045	0.0
501	9	19	32	1	1	1	1.8543303972278722	1.685300378382303	0.0
502	9	32	18	1	1	1	2.1411657860877082	1.5151375966691063	0.0
503	113	114	144	1	1	1	2.1040251301464834	-2.9691990018347716	0.0
504	113	144	143	1	1	1	1.8959748698535146	-2.9691990018347716	0.0
505	113	85	86	1	1	1	1.8959748698535146	-2.8896593271390603	0.0
506	113	86	114	1	1	1	2.1153464112715743	-2.929429164486916	0.0
507	113	142	112	1	1	1	1.2809168836853233	-2.8826868390495988	0.0
508	113	143	142	1	1	1	1.4844207466229344	-2.925942920442185	0.0
509	303	274	293	1	1	1	0.0	0.0	0.0
510	289	359	387	1	1	1	0.0	0.0	0.0
511	369	260	259	1	1	1	0.0	0.0	0.0
512	293	292	287	1	1	1	0.0	0.0	0.0
513	279	278	321	1	1	1	0.0	0.0	0.0
514	342	359	360	1	1	1	0.0	0.0	0.0
515	301	318	336	1	1	1	0.0	0.0	0.0
516	362	284	328	1	1	1	0.0	0.0	0.0
517	276	275	295	1	1	1	0.0	0.0	0.0
518	313	296	353	1	1	1	0.0	0.0	0.0
519	289	355	356	1	1	1	0.0	0.0	0.0
520	306	305	304	1	1	1	0.0	0.0	0.0
521	292	272	294	1	1	1	0.0	0.0	0.0
522	294	272	271	1	1	1	0.0	0.0	0.0
523	370	373	371	1	1	1	0.0	0.0	0.0
524	288	309	311	1	1	1	0.0	0.0	0.0
525	294	344	287	1	1	1	0.0	0.0	0.0
526	315	271	270	1	1	1	0.0	0.0	0.0
527	353	277	313	1	1	1	0.0	0.0	0.0
528	336	268	337	1	1	1	0.0	0.0	0.0
529	268	267	337	1	1	1	0.0	0.0	0.0
530	309	296	311	1	1	1	0.0	0.0	0.0
531	268	336	269	1	1	1	0.0	0.0	0.0
532	273	292	293	1	1	1	0.0	0.0	0.0
533	281	280	322	1	1	1	0.0	0.0	0.0
534	264	333	334	1	1	1	0.0	0.0	0.0
535	328	365	330	1	1	1	0.0	0.0	0.0
536	324	322	361	1	1	1	0.0	0.0	0.0
537	304	295	303	1	1	1	0.0	0.0	0.0
538	272	292	273	1	1	1	0.0	0.0	0.0
539	305	306	286	1	1	1	0.0	0.0	0.0
540	271	315	294	1	1	1	0.0	0.0	0.0
541	258	367	259	1	1	1	0.0	0.0	0.0
542	304	303	293	1	1	1	0.0	0.0	0.0
543	314	306	344	1	1	1	0.0	0.0	0.0
544	322	297	323	1	1	1	0.0	0.0	0.0
545	343	277	276	1	1	1	0.0	0.0	0.0
546	363	329	364	1	1	1	0.0	0.0	0.0
547	289	386	389	1	1	1	0.0	0.0	0.0
548	264	263	333	1	1	1	0.0	0.0	0.0
549	328	298	329	1	1	1	0.0	0.0	0.0
550	263	335	333	1	1	1	0.0	0.0	0.0
551	286	312	305	1	1	1	0.0	0.0	0.0
552	374	340	339	1	1	1	0.0	0.0	0.0
553	292	294	287	1	1	1	0.0	0.0	0.0
554	267	266	339	1	1	1	0.0	0.0	0.0
555	377	334	300	1	1	1	0.0	0.0	0.0
556	263	262	335	1	1	1	0.0	0.0	0.0
557	293	274	273	1	1	1	0.0	0.0	0.0
558	368	367	331	1	1	1	0.0	0.0	0.0
559	331	367	366	1	1	1	0.0	0.0	0.0
560	291	319	317	1	1	1	0.0	0.0	0.0
561	303	275	274	1	1	1	0.0	0.0	0.0
562	322	354	281	1	1	1	0.0	0.0	0.0
563	288	305	308	1	1	1	0.0	0.0	0.0
564	283	328	284	1	1	1	0.0	0.0	0.0
565	390	368	299	1	1	1	0.0	0.0	0.0
566	318	270	269	1	1	1	0.0	0.0	0.0
567	338	301	337	1	1	1	0.0	0.0	0.0
568	349	348	319	1	1	1	0.0	0.0	0.0
569	334	333	300	1	1	1	0.0	0.0	0.0
570	275	303	295	1	1	1	0.0	0.0	0.0
571	304	288	295	1	1	1	0.0	0.0	0.0
572	304	305	288	1	1	1	0.0	0.0	0.0
573	293	306	304	1	1	1	0.0	0.0	0.0
574	309	308	307	1	1	1	0.0	0.0	0.0
575	310	308	312	1	1	1	0.0	0.0	0.0
576	306	345	286	1	1	1	0.0	0.0	0.0
577	306	293	287	1	1	1	0.0	0.0	0.0
578	296	326	327	1	1	1	0.0	0.0	0.0
579	310	378	308	1	1	1	0.0	0.0	0.0
580	309	288	308	1	1	1	0.0	0.0	0.0
581	307	308	378	1	1	1	0.0	0.0	0.0
582	311	295	288	1	1	1	0.0	0.0	0.0
583	309	326	296	1	1	1	0.0	0.0	0.0
584	360	326	307	1	1	1	0.0	0.0	0.0
585	291	338	352	1	1	1	0.0	0.0	0.0
586	343	276	295	1	1	1	0.0	0.0	0.0
587	313	343	311	1	1	1	0.0	0.0	0.0
588	308	305	312	1	1	1	0.0	0.0	0.0
589	346	310	312	1	1	1	0.0	0.0	0.0
590	353	278	277	1	1	1	0.0	0.0	0.0
591	296	313	311	1	1	1	0.0	0.0	0.0
592	345	314	317	1	1	1	0.0	0.0	0.0
593	318	317	316	1	1	1	0.0	0.0	0.0
594	294	315	316	1	1	1	0.0	0.0	0.0
595	317	318	320	1	1	1	0.0	0.0	0.0
596	344	294	316	1	1	1	0.0	0.0	0.0
597	317	314	316	1	1	1	0.0	0.0	0.0
598	317	319	345	1	1	1	0.0	0.0	0.0
599	291	320	338	1	1	1	0.0	0.0	0.0
600	270	318	315	1	1	1	0.0	0.0	0.0
601	318	316	315	1	1	1	0.0	0.0	0.0
602	346	312	286	1	1	1	0.0	0.0	0.0
603	345	319	346	1	1	1	0.0	0.0	0.0
604	291	317	320	1	1	1	0.0	0.0	0.0
605	301	320	318	1	1	1	0.0	0.0	0.0
606	361	280	279	1	1	1	0.0	0.0	0.0
607	321	327	324	1	1	1	0.0	0.0	0.0
608	354	282	281	1	1	1	0.0	0.0	0.0
609	324	297	322	1	1	1	0.0	0.0	0.0
610	365	283	282	1	1	1	0.0	0.0	0.0
611	330	355	357	1	1	1	0.0	0.0	0.0
612	324	325	297	1	1	1	0.0	0.0	0.0
613	321	361	279	1	1	1	0.0	0.0	0.0
614	297	356	355	1	1	1	0.0	0.0	0.0
615	307	326	309	1	1	1	0.0	0.0	0.0
616	327	321	296	1	1	1	0.0	0.0	0.0
617	326	360	325	1	1	1	0.0	0.0	0.0
618	324	327	325	1	1	1	0.0	0.0	0.0
619	326	325	327	1	1	1	0.0	0.0	0.0
620	362	285	284	1	1	1	0.0	0.0	0.0
621	330	298	328	1	1	1	0.0	0.0	0.0
622	257	285	363	1	1	1	0.0	0.0	0.0
623	366	258	257	1	1	1	0.0	0.0	0.0
624	330	357	298	1	1	1	0.0	0.0	0.0
625	354	323	365	1	1	1	0.0	0.0	0.0
626	298	389	379	1	1	1	0.0	0.0	0.0
627	363	362	329	1	1	1	0.0	0.0	0.0
628	261	260	370	1	1	1	0.0	0.0	0.0
629	370	369	332	1	1	1	0.0	0.0	0.0
630	334	265	264	1	1	1	0.0	0.0	0.0
631	333	335	300	1	1	1	0.0	0.0	0.0
632	374	266	265	1	1	1	0.0	0.0	0.0
633	341	340	377	1	1	1	0.0	0.0	0.0
634	380	376	375	1	1	1	0.0	0.0	0.0
635	262	371	335	1	1	1	0.0	0.0	0.0
636	318	269	336	1	1	1	0.0	0.0	0.0
637	337	301	336	1	1	1	0.0	0.0	0.0
638	301	338	320	1	1	1	0.0	0.0	0.0
639	339	302	337	1	1	1	0.0	0.0	0.0
640	352	349	291	1	1	1	0.0	0.0	0.0
641	302	338	337	1	1	1	0.0	0.0	0.0
642	337	267	339	1	1	1	0.0	0.0	0.0
643	340	302	339	1	1	1	0.0	0.0	0.0
644	340	351	302	1	1	1	0.0	0.0	0.0
645	334	374	265	1	1	1	0.0	0.0	0.0
646	291	349	319	1	1	1	0.0	0.0	0.0
647	341	375	290	1	1	1	0.0	0.0	0.0
648	385	386	381	1	1	1	0.0	0.0	0.0
649	382	348	394	1	1	1	0.0	0.0	0.0
650	313	277	343	1	1	1	0.0	0.0	0.0
651	295	311	343	1	1	1	0.0	0.0	0.0
652	306	287	344	1	1	1	0.0	0.0	0.0
653	316	314	344	1	1	1	0.0	0.0	0.0
654	306	314	345	1	1	1	0.0	0.0	0.0
655	346	286	345	1	1	1	0.0	0.0	0.0
656	383	382	342	1	1	1	0.0	0.0	0.0
657	310	346	383	1	1	1	0.0	0.0	0.0
658	350	341	290	1	1	1	0.0	0.0	0.0
659	319	348	346	1	1	1	0.0	0.0	0.0
660	348	383	346	1	1	1	0.0	0.0	0.0
661	348	349	347	1	1	1	0.0	0.0	0.0
662	350	347	349	1	1	1	0.0	0.0	0.0
663	351	350	352	1	1	1	0.0	0.0	0.0
664	290	347	350	1	1	1	0.0	0.0	0.0
665	351	341	350	1	1	1	0.0	0.0	0.0
666	340	341	351	1	1	1	0.0	0.0	0.0
667	352	338	302	1	1	1	0.0	0.0	0.0
668	350	349	352	1	1	1	0.0	0.0	0.0
669	352	302	351	1	1	1	0.0	0.0	0.0
670	278	353	321	1	1	1	0.0	0.0	0.0
671	296	321	353	1	1	1	0.0	0.0	0.0
672	365	282	354	1	1	1	0.0	0.0	0.0
673	322	323	354	1	1	1	0.0	0.0	0.0
674	297	355	323	1	1	1	0.0	0.0	0.0
675	355	330	323	1	1	1	0.0	0.0	0.0
676	359	289	356	1	1	1	0.0	0.0	0.0
677	297	325	356	1	1	1	0.0	0.0	0.0
678	298	379	329	1	1	1	0.0	0.0	0.0
679	289	357	355	1	1	1	0.0	0.0	0.0
680	368	331	384	1	1	1	0.0	0.0	0.0
681	385	384	358	1	1	1	0.0	0.0	0.0
682	289	387	386	1	1	1	0.0	0.0	0.0
683	342	360	378	1	1	1	0.0	0.0	0.0
684	325	360	356	1	1	1	0.0	0.0	0.0
685	359	356	360	1	1	1	0.0	0.0	0.0
686	322	280	361	1	1	1	0.0	0.0	0.0
687	321	324	361	1	1	1	0.0	0.0	0.0
688	363	285	362	1	1	1	0.0	0.0	0.0
689	328	329	362	1	1	1	0.0	0.0	0.0
690	366	257	363	1	1	1	0.0	0.0	0.0
691	364	379	358	1	1	1	0.0	0.0	0.0
692	363	364	331	1	1	1	0.0	0.0	0.0
693	384	331	364	1	1	1	0.0	0.0	0.0
694	328	283	365	1	1	1	0.0	0.0	0.0
695	323	330	365	1	1	1	0.0	0.0	0.0
696	367	258	366	1	1	1	0.0	0.0	0.0
697	363	331	366	1	1	1	0.0	0.0	0.0
698	369	259	367	1	1	1	0.0	0.0	0.0
699	368	332	367	1	1	1	0.0	0.0	0.0
700	390	332	368	1	1	1	0.0	0.0	0.0
701	368	384	299	1	1	1	0.0	0.0	0.0
702	370	260	369	1	1	1	0.0	0.0	0.0
703	367	332	369	1	1	1	0.0	0.0	0.0
704	261	370	371	1	1	1	0.0	0.0	0.0
705	335	373	380	1	1	1	0.0	0.0	0.0
706	262	261	371	1	1	1	0.0	0.0	0.0
707	300	335	380	1	1	1	0.0	0.0	0.0
708	381	391	385	1	1	1	0.0	0.0	0.0
709	370	332	373	1	1	1	0.0	0.0	0.0
710	335	371	373	1	1	1	0.0	0.0	0.0
711	373	390	372	1	1	1	0.0	0.0	0.0
712	339	266	374	1	1	1	0.0	0.0	0.0
713	334	340	374	1	1	1	0.0	0.0	0.0
714	376	290	375	1	1	1	0.0	0.0	0.0
715	377	300	375	1	1	1	0.0	0.0	0.0
716	392	290	376	1	1	1	0.0	0.0	0.0
717	373	372	380	1	1	1	0.0	0.0	0.0
718	340	334	377	1	1	1	0.0	0.0	0.0
719	375	341	377	1	1	1	0.0	0.0	0.0
720	360	307	378	1	1	1	0.0	0.0	0.0
721	383	342	378	1	1	1	0.0	0.0	0.0
722	364	329	379	1	1	1	0.0	0.0	0.0
723	379	389	358	1	1	1	0.0	0.0	0.0
724	375	300	380	1	1	1	0.0	0.0	0.0
725	380	372	376	1	1	1	0.0	0.0	0.0
726	299	391	390	1	1	1	0.0	0.0	0.0
727	394	393	382	1	1	1	0.0	0.0	0.0
728	388	387	342	1	1	1	0.0	0.0	0.0
729	393	381	388	1	1	1	0.0	0.0	0.0
730	383	378	310	1	1	1	0.0	0.0	0.0
731	348	382	383	1	1	1	0.0	0.0	0.0
732	385	299	384	1	1	1	0.0	0.0	0.0
733	364	358	384	1	1	1	0.0	0.0	0.0
734	391	299	385	1	1	1	0.0	0.0	0.0
735	386	387	381	1	1	1	0.0	0.0	0.0
736	389	357	289	1	1	1	0.0	0.0	0.0
737	358	386	385	1	1	1	0.0	0.0	0.0
738	388	381	387	1	1	1	0.0	0.0	0.0
739	359	342	387	1	1	1	0.0	0.0	0.0
740	393	391	381	1	1	1	0.0	0.0	0.0
741	342	382	388	1	1	1	0.0	0.0	0.0
742	389	298	357	1	1	1	0.0	0.0	0.0
743	358	389	386	1	1	1	0.0	0.0	0.0
744	373	332	390	1	1	1	0.0	0.0	0.0
745	391	372	390	1	1	1	0.0	0.0	0.0
746	392	376	372	1	1	1	0.0	0.0	0.0
747	393	388	382	1	1	1	0.0	0.0	0.0
748	348	347	394	1	1	1	0.0	0.0	0.0
749	372	391	392	1	1	1	0.0	0.0	0.0
750	391	393	392	1	1	1	0.0	0.0	0.0
751	394	290	392	1	1	1	0.0	0.0	0.0
752	392	393	394	1	1	1	0.0	0.0	0.0
753	290	394	347	1	1	1	0.0	0.0	0.0
754	441	431	412	1	1	1	0.0	0.0	0.0
755	427	525	497	1	1	1	0.0	0.0	0.0
756	507	397	398	1	1	1	0.0	0.0	0.0
757	431	425	430	1	1	1	0.0	0.0	0.0
758	417	459	416	1	1	1	0.0	0.0	0.0
759	480	498	497	1	1	1	0.0	0.0	0.0
760	439	474	456	1	1	1	0.0	0.0	0.0
761	500	466	422	1	1	1	0.0	0.0	0.0
762	414	433	413	1	1	1	0.0	0.0	0.0
763	451	491	434	1	1	1	0.0	0.0	0.0
764	427	494	493	1	1	1	0.0	0.0	0.0
765	444	442	443	1	1	1	0.0	0.0	0.0
766	430	432	410	1	1	1	0.0	0.0	0.0
767	432	409	410	1	1	1	0.0	0.0	0.0
768	508	509	511	1	1	1	0.0	0.0	0.0
769	426	449	447	1	1	1	0.0	0.0	0.0
770	432	425	482	1	1	1	0.0	0.0	0.0
771	453	408	409	1	1	1	0.0	0.0	0.0
772	491	451	415	1	1	1	0.0	0.0	0.0
773	474	475	406	1	1	1	0.0	0.0	0.0
774	406	475	405	1	1	1	0.0	0.0	0.0
775	447	449	434	1	1	1	0.0	0.0	0.0
776	406	407	474	1	1	1	0.0	0.0	0.0
777	411	431	430	1	1	1	0.0	0.0	0.0
778	419	460	418	1	1	1	0.0	0.0	0.0
779	402	472	471	1	1	1	0.0	0.0	0.0
780	466	468	503	1	1	1	0.0	0.0	0.0
781	462	499	460	1	1	1	0.0	0.0	0.0
782	442	441	433	1	1	1	0.0	0.0	0.0
783	410	411	430	1	1	1	0.0	0.0	0.0
784	443	424	444	1	1	1	0.0	0.0	0.0
785	409	432	453	1	1	1	0.0	0.0	0.0
786	396	397	505	1	1	1	0.0	0.0	0.0
787	442	431	441	1	1	1	0.0	0.0	0.0
788	452	482	444	1	1	1	0.0	0.0	0.0
789	460	461	435	1	1	1	0.0	0.0	0.0
790	481	414	415	1	1	1	0.0	0.0	0.0
791	501	502	467	1	1	1	0.0	0.0	0.0
792	427	527	524	1	1	1	0.0	0.0	0.0
793	402	471	401	1	1	1	0.0	0.0	0.0
794	466	467	436	1	1	1	0.0	0.0	0.0
795	401	471	473	1	1	1	0.0	0.0	0.0
796	424	443	450	1	1	1	0.0	0.0	0.0
797	512	477	478	1	1	1	0.0	0.0	0.0
798	430	425	432	1	1	1	0.0	0.0	0.0
799	405	477	404	1	1	1	0.0	0.0	0.0
800	515	438	472	1	1	1	0.0	0.0	0.0
801	401	473	400	1	1	1	0.0	0.0	0.0
802	431	411	412	1	1	1	0.0	0.0	0.0
803	506	469	505	1	1	1	0.0	0.0	0.0
804	469	504	505	1	1	1	0.0	0.0	0.0
805	429	455	457	1	1	1	0.0	0.0	0.0
806	441	412	413	1	1	1	0.0	0.0	0.0
807	460	419	492	1	1	1	0.0	0.0	0.0
808	426	446	443	1	1	1	0.0	0.0	0.0
809	421	422	466	1	1	1	0.0	0.0	0.0
810	528	437	506	1	1	1	0.0	0.0	0.0
811	456	407	408	1	1	1	0.0	0.0	0.0
812	476	475	439	1	1	1	0.0	0.0	0.0
813	487	457	486	1	1	1	0.0	0.0	0.0
814	472	438	471	1	1	1	0.0	0.0	0.0
815	413	433	441	1	1	1	0.0	0.0	0.0
816	442	433	426	1	1	1	0.0	0.0	0.0
817	442	426	443	1	1	1	0.0	0.0	0.0
818	431	442	444	1	1	1	0.0	0.0	0.0
819	447	445	446	1	1	1	0.0	0.0	0.0
820	448	450	446	1	1	1	0.0	0.0	0.0
821	444	424	483	1	1	1	0.0	0.0	0.0
822	444	425	431	1	1	1	0.0	0.0	0.0
823	434	465	464	1	1	1	0.0	0.0	0.0
824	448	446	516	1	1	1	0.0	0.0	0.0
825	447	446	426	1	1	1	0.0	0.0	0.0
826	445	516	446	1	1	1	0.0	0.0	0.0
827	449	426	433	1	1	1	0.0	0.0	0.0
828	447	434	464	1	1	1	0.0	0.0	0.0
829	498	445	464	1	1	1	0.0	0.0	0.0
830	429	490	476	1	1	1	0.0	0.0	0.0
831	481	433	414	1	1	1	0.0	0.0	0.0
832	451	449	481	1	1	1	0.0	0.0	0.0
833	446	450	443	1	1	1	0.0	0.0	0.0
834	484	450	448	1	1	1	0.0	0.0	0.0
835	491	415	416	1	1	1	0.0	0.0	0.0
836	434	449	451	1	1	1	0.0	0.0	0.0
837	483	455	452	1	1	1	0.0	0.0	0.0
838	456	454	455	1	1	1	0.0	0.0	0.0
839	432	454	453	1	1	1	0.0	0.0	0.0
840	455	458	456	1	1	1	0.0	0.0	0.0
841	482	454	432	1	1	1	0.0	0.0	0.0
842	455	454	452	1	1	1	0.0	0.0	0.0
843	455	483	457	1	1	1	0.0	0.0	0.0
844	429	476	458	1	1	1	0.0	0.0	0.0
845	408	453	456	1	1	1	0.0	0.0	0.0
846	456	453	454	1	1	1	0.0	0.0	0.0
847	484	424	450	1	1	1	0.0	0.0	0.0
848	483	484	457	1	1	1	0.0	0.0	0.0
849	429	458	455	1	1	1	0.0	0.0	0.0
850	439	456	458	1	1	1	0.0	0.0	0.0
851	499	417	418	1	1	1	0.0	0.0	0.0
852	459	462	465	1	1	1	0.0	0.0	0.0
853	492	419	420	1	1	1	0.0	0.0	0.0
854	462	460	435	1	1	1	0.0	0.0	0.0
855	503	420	421	1	1	1	0.0	0.0	0.0
856	468	495	493	1	1	1	0.0	0.0	0.0
857	462	435	463	1	1	1	0.0	0.0	0.0
858	459	417	499	1	1	1	0.0	0.0	0.0
859	435	493	494	1	1	1	0.0	0.0	0.0
860	445	447	464	1	1	1	0.0	0.0	0.0
861	465	434	459	1	1	1	0.0	0.0	0.0
862	464	463	498	1	1	1	0.0	0.0	0.0
863	462	463	465	1	1	1	0.0	0.0	0.0
864	464	465	463	1	1	1	0.0	0.0	0.0
865	500	422	423	1	1	1	0.0	0.0	0.0
866	468	466	436	1	1	1	0.0	0.0	0.0
867	395	501	423	1	1	1	0.0	0.0	0.0
868	504	395	396	1	1	1	0.0	0.0	0.0
869	468	436	495	1	1	1	0.0	0.0	0.0
870	492	503	461	1	1	1	0.0	0.0	0.0
871	436	517	527	1	1	1	0.0	0.0	0.0
872	501	467	500	1	1	1	0.0	0.0	0.0
873	399	508	398	1	1	1	0.0	0.0	0.0
874	508	470	507	1	1	1	0.0	0.0	0.0
875	472	402	403	1	1	1	0.0	0.0	0.0
876	471	438	473	1	1	1	0.0	0.0	0.0
877	512	403	404	1	1	1	0.0	0.0	0.0
878	479	515	478	1	1	1	0.0	0.0	0.0
879	518	513	514	1	1	1	0.0	0.0	0.0
880	400	473	509	1	1	1	0.0	0.0	0.0
881	456	474	407	1	1	1	0.0	0.0	0.0
882	475	474	439	1	1	1	0.0	0.0	0.0
883	439	458	476	1	1	1	0.0	0.0	0.0
884	477	475	440	1	1	1	0.0	0.0	0.0
885	490	429	487	1	1	1	0.0	0.0	0.0
886	440	475	476	1	1	1	0.0	0.0	0.0
887	475	477	405	1	1	1	0.0	0.0	0.0
888	478	477	440	1	1	1	0.0	0.0	0.0
889	478	440	489	1	1	1	0.0	0.0	0.0
890	472	403	512	1	1	1	0.0	0.0	0.0
891	429	457	487	1	1	1	0.0	0.0	0.0
892	479	428	513	1	1	1	0.0	0.0	0.0
893	523	519	524	1	1	1	0.0	0.0	0.0
894	520	532	486	1	1	1	0.0	0.0	0.0
895	451	481	415	1	1	1	0.0	0.0	0.0
896	433	481	449	1	1	1	0.0	0.0	0.0
897	444	482	425	1	1	1	0.0	0.0	0.0
898	454	482	452	1	1	1	0.0	0.0	0.0
899	444	483	452	1	1	1	0.0	0.0	0.0
900	484	483	424	1	1	1	0.0	0.0	0.0
901	521	480	520	1	1	1	0.0	0.0	0.0
902	448	521	484	1	1	1	0.0	0.0	0.0
903	488	428	479	1	1	1	0.0	0.0	0.0
904	457	484	486	1	1	1	0.0	0.0	0.0
905	486	484	521	1	1	1	0.0	0.0	0.0
906	486	485	487	1	1	1	0.0	0.0	0.0
907	488	487	485	1	1	1	0.0	0.0	0.0
908	489	490	488	1	1	1	0.0	0.0	0.0
909	428	488	485	1	1	1	0.0	0.0	0.0
910	489	488	479	1	1	1	0.0	0.0	0.0
911	478	489	479	1	1	1	0.0	0.0	0.0
912	490	440	476	1	1	1	0.0	0.0	0.0
913	488	490	487	1	1	1	0.0	0.0	0.0
914	490	489	440	1	1	1	0.0	0.0	0.0
915	416	459	491	1	1	1	0.0	0.0	0.0
916	434	491	459	1	1	1	0.0	0.0	0.0
917	503	492	420	1	1	1	0.0	0.0	0.0
918	460	492	461	1	1	1	0.0	0.0	0.0
919	435	461	493	1	1	1	0.0	0.0	0.0
920	493	461	468	1	1	1	0.0	0.0	0.0
921	497	494	427	1	1	1	0.0	0.0	0.0
922	435	494	463	1	1	1	0.0	0.0	0.0
923	436	467	517	1	1	1	0.0	0.0	0.0
924	427	493	495	1	1	1	0.0	0.0	0.0
925	506	522	469	1	1	1	0.0	0.0	0.0
926	523	496	522	1	1	1	0.0	0.0	0.0
927	427	524	525	1	1	1	0.0	0.0	0.0
928	480	516	498	1	1	1	0.0	0.0	0.0
929	463	494	498	1	1	1	0.0	0.0	0.0
930	497	498	494	1	1	1	0.0	0.0	0.0
931	460	499	418	1	1	1	0.0	0.0	0.0
932	459	499	462	1	1	1	0.0	0.0	0.0
933	501	500	423	1	1	1	0.0	0.0	0.0
934	466	500	467	1	1	1	0.0	0.0	0.0
935	504	501	395	1	1	1	0.0	0.0	0.0
936	502	496	517	1	1	1	0.0	0.0	0.0
937	501	469	502	1	1	1	0.0	0.0	0.0
938	522	502	469	1	1	1	0.0	0.0	0.0
939	466	503	421	1	1	1	0.0	0.0	0.0
940	461	503	468	1	1	1	0.0	0.0	0.0
941	505	504	396	1	1	1	0.0	0.0	0.0
942	501	504	469	1	1	1	0.0	0.0	0.0
943	507	505	397	1	1	1	0.0	0.0	0.0
944	506	505	470	1	1	1	0.0	0.0	0.0
945	528	506	470	1	1	1	0.0	0.0	0.0
946	506	437	522	1	1	1	0.0	0.0	0.0
947	508	507	398	1	1	1	0.0	0.0	0.0
948	505	507	470	1	1	1	0.0	0.0	0.0
949	399	509	508	1	1	1	0.0	0.0	0.0
950	473	518	511	1	1	1	0.0	0.0	0.0
951	400	509	399	1	1	1	0.0	0.0	0.0
952	438	518	473	1	1	1	0.0	0.0	0.0
953	519	523	529	1	1	1	0.0	0.0	0.0
954	508	511	470	1	1	1	0.0	0.0	0.0
955	473	511	509	1	1	1	0.0	0.0	0.0
956	511	510	528	1	1	1	0.0	0.0	0.0
957	477	512	404	1	1	1	0.0	0.0	0.0
958	472	512	478	1	1	1	0.0	0.0	0.0
959	514	513	428	1	1	1	0.0	0.0	0.0
960	515	513	438	1	1	1	0.0	0.0	0.0
961	530	514	428	1	1	1	0.0	0.0	0.0
962	511	518	510	1	1	1	0.0	0.0	0.0
963	478	515	472	1	1	1	0.0	0.0	0.0
964	513	515	479	1	1	1	0.0	0.0	0.0
965	498	516	445	1	1	1	0.0	0.0	0.0
966	521	516	480	1	1	1	0.0	0.0	0.0
967	502	517	467	1	1	1	0.0	0.0	0.0
968	517	496	527	1	1	1	0.0	0.0	0.0
969	513	518	438	1	1	1	0.0	0.0	0.0
970	518	514	510	1	1	1	0.0	0.0	0.0
971	437	528	529	1	1	1	0.0	0.0	0.0
972	532	520	531	1	1	1	0.0	0.0	0.0
973	526	480	525	1	1	1	0.0	0.0	0.0
974	531	526	519	1	1	1	0.0	0.0	0.0
975	521	448	516	1	1	1	0.0	0.0	0.0
976	486	521	520	1	1	1	0.0	0.0	0.0
977	523	522	437	1	1	1	0.0	0.0	0.0
978	502	522	496	1	1	1	0.0	0.0	0.0
979	529	523	437	1	1	1	0.0	0.0	0.0
980	524	519	525	1	1	1	0.0	0.0	0.0
981	527	427	495	1	1	1	0.0	0.0	0.0
982	496	523	524	1	1	1	0.0	0.0	0.0
983	526	525	519	1	1	1	0.0	0.0	0.0
984	497	525	480	1	1	1	0.0	0.0	0.0
985	531	519	529	1	1	1	0.0	0.0	0.0
986	480	526	520	1	1	1	0.0	0.0	0.0
987	527	495	436	1	1	1	0.0	0.0	0.0
988	496	524	527	1	1	1	0.0	0.0	0.0
989	511	528	470	1	1	1	0.0	0.0	0.0
990	529	528	510	1	1	1	0.0	0.0	0.0
991	530	510	514	1	1	1	0.0	0.0	0.0
992	531	520	526	1	1	1	0.0	0.0	0.0
993	486	532	485	1	1	1	0.0	0.0	0.0
994	510	530	529	1	1	1	0.0	0.0	0.0
995	529	530	531	1	1	1	0.0	0.0	0.0
996	532	530	428	1	1	1	0.0	0.0	0.0
997	530	532	531	1	1	1	0.0	0.0	0.0
998	428	485	532	1	1	1	0.0	0.0	0.0
999	257	258	395	1	1	1	0.0	0.0	0.0
1000	396	395	258	1	1	1	0.0	0.0	0.0
1001	258	259	396	1	1	1	0.0	0.0	0.0
1002	397	396	259	1	1	1	0.0	0.0	0.0
1003	259	260	397	1	1	1	0.0	0.0	0.0
1004	398	397	260	1	1	1	0.0	0.0	0.0
1005	260	261	398	1	1	1	0.0	0.0	0.0
1006	399	398	261	1	1	1	0.0	0.0	0.0
1007	261	262	399	1	1	1	0.0	0.0	0.0
1008	400	399	262	1	1	1	0.0	0.0	0.0
1009	262	263	400	1	1	1	0.0	0.0	0.0
1010	401	400	263	1	1	1	0.0	0.0	0.0
1011	263	264	401	1	1	1	0.0	0.0	0.0
1012	402	401	264	1	1	1	0.0	0.0	0.0
1013	264	265	402	1	1	1	0.0	0.0	0.0
1014	403	402	265	1	1	1	0.0	0.0	0.0
1015	265	266	403	1	1	1	0.0	0.0	0.0
1016	404	403	266	1	1	1	0.0	0.0	0.0
1017	266	267	404	1	1	1	0.0	0.0	0.0
1018	405	404	267	1	1	1	0.0	0.0	0.0
1019	267	268	405	1	1	1	0.0	0.0	0.0
1020	406	405	268	1	1	1	0.0	0.0	0.0
1021	268	269	406	1	1	1	0.0	0.0	0.0
1022	407	406	269	1	1	1	0.0	0.0	0.0
1023	269	270	407	1	1	1	0.0	0.0	0.0
1024	408	407	270	1	1	1	0.0	0.0	0.0
1025	270	271	408	1	1	1	0.0	0.0	0.0
1026	409	408	271	1	1	1	0.0	0.0	0.0
1027	271	272	409	1	1	1	0.0	0.0	0.0
1028	410	409	272	1	1	1	0.0	0.0	0.0
1029	272	273	410	1	1	1	0.0	0.0	0.0
1030	411	410	273	1	1	1	0.0	0.0	0.0
1031	273	274	411	1	1	1	0.0	0.0	0.0
1032	412	411	274	1	1	1	0.0	0.0	0.0
1033	274	275	412	1	1	1	0.0	0.0	0.0
1034	413	412	275	1	1	1	0.0	0.0	0.0
1035	275	276	413	1	1	1	0.0	0.0	0.0
1036	414	413	276	1	1	1	0.0	0.0	0.0
1037	276	277	414	1	1	1	0.0	0.0	0.0
1038	415	414	277	1	1	1	0.0	0.0	0.0
1039	277	278	415	1	1	1	0.0	0.0	0.0
1040	416	415	278	1	1	1	0.0	0.0	0.0
1041	278	279	416	1	1	1	0.0	0.0	0.0
1042	417	416	279	1	1	1	0.0	0.0	0.0
1043	279	280	417	1	1	1	0.0	0.0	0.0
1044	418	417	280	1	1	1	0.0	0.0	0.0
1045	280	281	418	1	1	1	0.0	0.0	0.0
1046	419	418	281	1	1	1	0.0	0.0	0.0
1047	281	282	419	1	1	1	0.0	0.0	0.0
1048	420	419	282	1	1	1	0.0	0.0	0.0
1049	282	283	420	1	1	1	0.0	0.0	0.0
1050	421	420	283	1	1	1	0.0	0.0	0.0
1051	283	284	421	1	1	1	0.0	0.0	0.0
1052	422	421	284	1	1	1	0.0	0.0	0.0
1053	284	285	422	1	1	1	0.0	0.0	0.0
1054	423	422	285	1	1	1	0.0	0.0	0.0
1055	285	257	423	1	1	1	0.0	0.0	0.0
1056	395	423	257	1	1	1	0.0	0.0	0.0
