Friday 04. June 2021, 14:18:41                                                
 
  Boundary solutions:
  (element no., u1, u2, u3, t1, t2, t3, xg1, xg2, xg3)
 
       1   0.231497268868E+00   0.800103145191E+00   0.000000000000E+00  -0.219257884488E+01   0.298397426552E+01  -0.108378289371E+00   0.266701048397E+00   0.589500910377E+00   0.443691786759E+01
       2   0.231497268868E+00  -0.800103145191E+00   0.000000000000E+00  -0.219231074052E+01  -0.298530898763E+01   0.108838513985E+00  -0.266701048397E+00   0.589500910377E+00   0.443691786759E+01
       3   0.376850273113E+01  -0.800103145191E+00   0.000000000000E+00   0.962969188322E+01  -0.280822703412E+01  -0.585655992648E+00  -0.266701048397E+00  -0.589500910377E+00   0.556308213241E+01
       4   0.376850273113E+01   0.800103145191E+00   0.000000000000E+00   0.962973796622E+01   0.280719925831E+01   0.585899741807E+00   0.266701048397E+00  -0.589500910377E+00   0.556308213241E+01
       5   0.231497268868E+00  -0.800103145191E+00   0.000000000000E+00  -0.246782221554E+01  -0.251057548971E+01   0.216954082443E+00  -0.266701048397E+00   0.589500910377E+00   0.556308213241E+01
       6   0.231497268868E+00   0.800103145191E+00   0.000000000000E+00  -0.246792965477E+01   0.250941422949E+01  -0.217343257134E+00   0.266701048397E+00   0.589500910377E+00   0.556308213241E+01
       7   0.376850273113E+01   0.800103145191E+00   0.000000000000E+00   0.100968543935E+02   0.215271491273E+01  -0.101471633641E+01   0.266701048397E+00  -0.589500910377E+00   0.443691786759E+01
       8   0.376850273113E+01  -0.800103145191E+00   0.000000000000E+00   0.100967556410E+02  -0.215413660973E+01   0.101358715901E+01  -0.266701048397E+00  -0.589500910377E+00   0.443691786759E+01
       9   0.246193976626E+01   0.240030943557E+01   0.000000000000E+00   0.696052453157E+01   0.748149685436E+01   0.255306194960E+00   0.800103145191E+00  -0.153979922085E+00   0.487243885588E+01
      10   0.153806023374E+01   0.240030943557E+01   0.000000000000E+00   0.940174294092E+00   0.684163782020E+01  -0.636594919684E+00   0.800103145191E+00   0.153979922085E+00   0.512756114412E+01
      11   0.384775906502E+01  -0.160020629038E+01   0.000000000000E+00   0.722875095340E+01  -0.602168937681E+01  -0.247778085575E+00  -0.533402096794E+00  -0.615919688341E+00   0.487243885588E+01
      12   0.430969883128E+01  -0.800103145191E+00   0.000000000000E+00   0.109077504144E+02  -0.339862458388E+00   0.973963458538E-01  -0.266701048397E+00  -0.769899610426E+00   0.512756114412E+01
      13   0.384775906502E+01   0.160020629038E+01   0.000000000000E+00   0.722903083932E+01   0.602005284076E+01   0.247541678568E+00   0.533402096794E+00  -0.615919688341E+00   0.487243885588E+01
      14   0.430969883128E+01   0.800103145191E+00   0.000000000000E+00   0.109080951669E+02   0.337649059168E+00  -0.977448695483E-01   0.266701048397E+00  -0.769899610426E+00   0.512756114412E+01
      15   0.246193976626E+01  -0.240030943557E+01   0.000000000000E+00   0.696046019468E+01  -0.748232768128E+01  -0.255323205227E+00  -0.800103145191E+00  -0.153979922085E+00   0.487243885588E+01
      16   0.153806023374E+01  -0.240030943557E+01   0.000000000000E+00   0.940542449601E+00  -0.684254762598E+01   0.636659971263E+00  -0.800103145191E+00   0.153979922085E+00   0.512756114412E+01
      17   0.238268343237E+01  -0.160020629038E+01   0.000000000000E+00   0.420661338533E+01  -0.483457550088E+01  -0.879907845978E+00  -0.533402096794E+00  -0.127561144122E+00   0.556308213241E+01
      18   0.153806023374E+01  -0.800103145191E+00   0.000000000000E+00   0.171647811903E+01  -0.179742664736E+01  -0.280612156347E+00  -0.266701048397E+00   0.153979922085E+00   0.574348083246E+01
      19   0.238268343237E+01   0.160020629038E+01   0.000000000000E+00   0.420668853696E+01   0.483357684755E+01   0.879774179694E+00   0.533402096794E+00  -0.127561144122E+00   0.556308213241E+01
      20   0.153806023374E+01   0.800103145191E+00   0.000000000000E+00   0.171664019835E+01   0.179634078404E+01   0.280130967321E+00   0.266701048397E+00   0.153979922085E+00   0.574348083246E+01
      21   0.152240934977E+00  -0.160020629038E+01   0.000000000000E+00  -0.156150919910E+01  -0.657434528558E+01  -0.770157587433E-01  -0.533402096794E+00   0.615919688341E+00   0.512756114412E+01
      22  -0.309698831278E+00  -0.800103145191E+00   0.000000000000E+00  -0.392060135709E+01  -0.160651493583E+01  -0.111768293161E+00  -0.266701048397E+00   0.769899610426E+00   0.487243885588E+01
      23   0.152240934977E+00   0.160020629038E+01   0.000000000000E+00  -0.156191767017E+01   0.657243466312E+01   0.772579657718E-01   0.533402096794E+00   0.615919688341E+00   0.512756114412E+01
      24  -0.309698831278E+00   0.800103145191E+00   0.000000000000E+00  -0.392103007647E+01   0.160413501530E+01   0.111793263519E+00   0.266701048397E+00   0.769899610426E+00   0.487243885588E+01
      25   0.238268343237E+01   0.160020629038E+01   0.000000000000E+00   0.418235627715E+01   0.483682414688E+01  -0.772491165161E+00   0.533402096794E+00  -0.127561144122E+00   0.443691786759E+01
      26   0.153806023374E+01   0.800103145191E+00   0.000000000000E+00   0.181415334869E+01   0.179368662210E+01  -0.344776769584E+00   0.266701048397E+00   0.153979922085E+00   0.425651916754E+01
      27   0.238268343237E+01  -0.160020629038E+01   0.000000000000E+00   0.418248129586E+01  -0.483765995222E+01   0.771953543997E+00  -0.533402096794E+00  -0.127561144122E+00   0.443691786759E+01
      28   0.153806023374E+01  -0.800103145191E+00   0.000000000000E+00   0.181402236711E+01  -0.179512749301E+01   0.344363101256E+00  -0.266701048397E+00   0.153979922085E+00   0.425651916754E+01
      29   0.000000000000E+00   0.000000000000E+00   0.000000000000E+00  -0.125948663684E+00  -0.257794987547E-01  -0.134036981052E+00  -0.273851603210E+01  -0.133623120228E+01   0.000000000000E+00
      30   0.000000000000E+00   0.000000000000E+00   0.000000000000E+00  -0.192179862456E+00  -0.742733904304E-01  -0.132903752401E+00  -0.347705845067E+01  -0.279027638949E+01   0.000000000000E+00
      31   0.000000000000E+00   0.000000000000E+00   0.000000000000E+00  -0.119252449290E+00   0.650171643523E-01  -0.124902500774E+00  -0.308050934644E+01   0.124465872877E+01   0.000000000000E+00
      32   0.000000000000E+00   0.000000000000E+00   0.000000000000E+00  -0.139372229616E+00  -0.706504293810E-01  -0.806011195406E-01  -0.198670245272E+01  -0.412543015169E+01   0.000000000000E+00
      33   0.000000000000E+00   0.000000000000E+00   0.000000000000E+00  -0.230698363418E+00   0.876752497963E-01   0.159848734097E+00   0.357991411937E+01  -0.285488624468E+01   0.000000000000E+00
      34   0.000000000000E+00   0.000000000000E+00   0.000000000000E+00  -0.935858588878E-01  -0.377891518581E-01  -0.115442468169E+00  -0.194191019878E+01  -0.183987866826E+01   0.000000000000E+00
      35   0.000000000000E+00   0.000000000000E+00   0.000000000000E+00  -0.242881235323E+00  -0.196607498834E-01  -0.153901368407E+00  -0.433575550309E+01  -0.989607900131E+00   0.000000000000E+00
      36   0.000000000000E+00   0.000000000000E+00   0.000000000000E+00  -0.467968018780E-01   0.699214233610E-01  -0.733790121103E-01  -0.195736308326E+01   0.284764873818E+01   0.000000000000E+00
      37   0.000000000000E+00   0.000000000000E+00   0.000000000000E+00  -0.168779179977E+00   0.110065437762E+00  -0.129409554683E+00  -0.349214201930E+01   0.278489033059E+01   0.000000000000E+00
      38   0.000000000000E+00   0.000000000000E+00   0.000000000000E+00  -0.133022627915E+00  -0.229654711078E-01   0.142061750798E+00   0.304708667955E+01   0.157051379351E-01   0.000000000000E+00
      39   0.000000000000E+00   0.000000000000E+00   0.000000000000E+00  -0.673296228899E-01   0.329984223096E-01   0.780853527003E-01   0.136163339762E+01  -0.230263397537E+01   0.000000000000E+00
      40   0.000000000000E+00   0.000000000000E+00   0.000000000000E+00  -0.140617998049E+00   0.300050703062E-01  -0.137314118350E+00  -0.329660583332E+01   0.219492099222E+00   0.000000000000E+00
      41   0.000000000000E+00   0.000000000000E+00   0.000000000000E+00  -0.271224666109E+00   0.682041592633E-01  -0.172711333834E+00  -0.446407988991E+01   0.101889710403E+01   0.000000000000E+00
      42   0.000000000000E+00   0.000000000000E+00   0.000000000000E+00  -0.646691915908E-01  -0.426995704109E-02   0.127266375257E+00   0.137279854700E+01  -0.532936669871E+00   0.000000000000E+00
      43   0.000000000000E+00   0.000000000000E+00   0.000000000000E+00  -0.756264085485E-01  -0.777418365073E-01   0.689400727959E-01   0.192959272791E+01   0.400684058617E+01   0.000000000000E+00
      44   0.000000000000E+00   0.000000000000E+00   0.000000000000E+00  -0.103263747416E+00  -0.555253401270E-01   0.143577786606E+00   0.254789406947E+01   0.815110142741E+00   0.000000000000E+00
      45   0.000000000000E+00   0.000000000000E+00   0.000000000000E+00  -0.881560155962E-01   0.451515690424E-02   0.489830084135E-02  -0.888178419700E-15  -0.444725753455E+01   0.000000000000E+00
      46   0.000000000000E+00   0.000000000000E+00   0.000000000000E+00  -0.668883615184E-01  -0.811475983318E-01   0.922635406893E-01   0.222700595115E+01   0.244053914033E+01   0.000000000000E+00
      47   0.000000000000E+00   0.000000000000E+00   0.000000000000E+00  -0.245138096026E+00   0.143992760648E-01   0.152961214377E+00   0.433575550309E+01  -0.989607900131E+00   0.000000000000E+00
      48   0.000000000000E+00   0.000000000000E+00   0.000000000000E+00  -0.185015702958E+00  -0.122800930316E+00   0.145083577986E+00   0.357991411937E+01   0.285488624468E+01   0.000000000000E+00
      49   0.000000000000E+00   0.000000000000E+00   0.000000000000E+00  -0.193801280240E-01   0.410025129679E-01  -0.266855526104E-01  -0.978347293909E+00   0.408650476597E+01   0.000000000000E+00
      50   0.000000000000E+00   0.000000000000E+00   0.000000000000E+00  -0.373436491771E-01   0.105331523492E-01  -0.925453874026E-01  -0.993857715267E+00   0.415963026683E-01   0.000000000000E+00
      51   0.000000000000E+00   0.000000000000E+00   0.000000000000E+00  -0.400655552275E-01  -0.327923319735E-02  -0.186108115539E-01  -0.214098420070E+00  -0.145696918679E+01   0.000000000000E+00
      52   0.000000000000E+00   0.000000000000E+00   0.000000000000E+00  -0.505225626855E-01   0.208967217002E-01   0.314386677157E-01   0.693351951117E+00  -0.296719513277E+01   0.000000000000E+00
      53   0.000000000000E+00   0.000000000000E+00   0.000000000000E+00  -0.201121708089E+00   0.235090224751E-01  -0.130259547016E+00  -0.412993916666E+01   0.292892038970E-01   0.000000000000E+00
      54   0.000000000000E+00   0.000000000000E+00   0.000000000000E+00  -0.108085748336E+00   0.104569556445E+00  -0.935672464319E-01  -0.200928454231E+01   0.417232234391E+01   0.000000000000E+00
      55   0.000000000000E+00   0.000000000000E+00   0.000000000000E+00  -0.541721056584E-01  -0.794299505576E-02  -0.961673470088E-01  -0.100561619771E+01  -0.107579431475E+01   0.000000000000E+00
      56   0.000000000000E+00   0.000000000000E+00   0.000000000000E+00  -0.126388374209E+00   0.114005126433E-01  -0.153193050130E+00  -0.263555536437E+01  -0.381943953446E+00   0.000000000000E+00
      57   0.000000000000E+00   0.000000000000E+00   0.000000000000E+00  -0.172681360403E+00  -0.458983678696E-01  -0.124111365282E+00  -0.360538283749E+01  -0.175369225364E+01   0.000000000000E+00
      58   0.000000000000E+00   0.000000000000E+00   0.000000000000E+00  -0.120234572410E+00  -0.736737913983E-01  -0.909920188964E-01  -0.255212823052E+01  -0.326463465157E+01   0.000000000000E+00
      59   0.000000000000E+00   0.000000000000E+00   0.000000000000E+00  -0.492412340161E-01   0.651974176517E-01  -0.921287698802E-01  -0.171720617479E+01   0.195053353518E+01   0.000000000000E+00
      60   0.000000000000E+00   0.000000000000E+00   0.000000000000E+00  -0.212784108033E-01  -0.556023098396E-01   0.745026664077E-01   0.131581326927E+01   0.229085055363E+01   0.000000000000E+00
      61   0.000000000000E+00   0.000000000000E+00   0.000000000000E+00  -0.591378809485E-01  -0.331386477265E-01  -0.333719201714E-01  -0.947552782952E+00  -0.401987550818E+01   0.000000000000E+00
      62   0.000000000000E+00   0.000000000000E+00   0.000000000000E+00  -0.830349565570E-01  -0.451436688733E-01  -0.819653107635E-01  -0.188384678402E+01  -0.273169798169E+01   0.000000000000E+00
      63   0.000000000000E+00   0.000000000000E+00   0.000000000000E+00  -0.127222662221E+00   0.664214648251E-01   0.763106001806E-01   0.194660004095E+01  -0.401077624403E+01   0.000000000000E+00
      64   0.000000000000E+00   0.000000000000E+00   0.000000000000E+00  -0.559947820457E-01  -0.315813863973E-01  -0.422004113601E-01  -0.947552782952E+00  -0.316511145545E+01   0.000000000000E+00
      65   0.000000000000E+00   0.000000000000E+00   0.000000000000E+00  -0.523824321923E-01   0.698631343550E-02   0.728220118842E-01   0.825051249695E+00  -0.121979005576E+01   0.000000000000E+00
      66   0.000000000000E+00   0.000000000000E+00   0.000000000000E+00  -0.417174509185E-01  -0.540602296327E-02  -0.133920467313E-01  -0.214098420070E+00  -0.265446701407E+01   0.000000000000E+00
      67   0.000000000000E+00   0.000000000000E+00   0.000000000000E+00  -0.529390741722E-01   0.320230653031E-01   0.279091622911E-01   0.907450371186E+00  -0.390522160052E+01   0.000000000000E+00
      68   0.000000000000E+00   0.000000000000E+00   0.000000000000E+00  -0.113401256674E+00   0.750011674027E-01   0.894530020711E-01   0.261488148745E+01  -0.321459059909E+01   0.000000000000E+00
      69   0.000000000000E+00   0.000000000000E+00   0.000000000000E+00  -0.179532787844E+00   0.515517796282E-01   0.121622753804E+00   0.370823850619E+01  -0.181830210883E+01   0.000000000000E+00
      70   0.000000000000E+00   0.000000000000E+00   0.000000000000E+00  -0.100823461304E+00   0.500612844096E-01   0.969426636417E-01   0.224401326419E+01  -0.244447479819E+01   0.000000000000E+00
      71   0.000000000000E+00   0.000000000000E+00   0.000000000000E+00  -0.227177042152E+00  -0.664043541007E-01   0.139662040647E+00   0.434337696897E+01   0.100531303807E+01   0.000000000000E+00
      72   0.000000000000E+00   0.000000000000E+00   0.000000000000E+00  -0.129461855731E+00   0.328908559438E-01   0.123510329446E+00   0.287490517285E+01  -0.162809921351E+01   0.000000000000E+00
      73   0.000000000000E+00   0.000000000000E+00   0.000000000000E+00  -0.504202683099E-01  -0.350083223000E-01   0.126181205268E+00   0.137279854700E+01   0.532936669871E+00   0.000000000000E+00
      74   0.000000000000E+00   0.000000000000E+00   0.000000000000E+00  -0.121723411476E+00   0.424745126676E-02   0.150280172853E+00   0.254027260359E+01  -0.799405004806E+00   0.000000000000E+00
      75   0.000000000000E+00   0.000000000000E+00   0.000000000000E+00  -0.189769859460E+00  -0.174576415263E-01   0.124007059969E+00   0.400923624572E+01   0.157051379351E-01   0.000000000000E+00
      76   0.000000000000E+00   0.000000000000E+00   0.000000000000E+00  -0.160332277902E+00  -0.873458307247E-01   0.112385988622E+00   0.371585997207E+01   0.183400724677E+01   0.000000000000E+00
      77   0.000000000000E+00   0.000000000000E+00   0.000000000000E+00  -0.795804960188E-01  -0.984280099697E-01   0.881451870293E-01   0.259787417441E+01   0.321065494124E+01   0.000000000000E+00
      78   0.000000000000E+00   0.000000000000E+00   0.000000000000E+00  -0.100886957091E+00  -0.728018493879E-01   0.114216312515E+00   0.288252663874E+01   0.164380435144E+01   0.000000000000E+00
      79   0.000000000000E+00   0.000000000000E+00   0.000000000000E+00  -0.437095651482E-01   0.473653500698E-02   0.229701773770E-02  -0.821242136106E-02   0.446699460011E+01   0.000000000000E+00
      80   0.000000000000E+00   0.000000000000E+00   0.000000000000E+00  -0.563478353791E-02  -0.281921392221E-01   0.302718978372E-01   0.639319401401E+00   0.297514877660E+01   0.000000000000E+00
      81   0.000000000000E+00   0.000000000000E+00   0.000000000000E+00  -0.435227412474E-02   0.345273981767E-01  -0.381637275615E-01  -0.637871617214E+00   0.187084086258E+01   0.000000000000E+00
      82   0.000000000000E+00   0.000000000000E+00   0.000000000000E+00  -0.172633982489E-01  -0.284603943907E-01   0.713706500200E-01   0.796238434383E+00   0.121194229188E+01   0.000000000000E+00
      83   0.000000000000E+00   0.000000000000E+00   0.000000000000E+00  -0.832427578241E-01   0.101798457050E+00  -0.812245567409E-01  -0.258979388875E+01   0.330614078489E+01   0.000000000000E+00
      84   0.000000000000E+00   0.000000000000E+00   0.000000000000E+00  -0.169331758982E-01   0.469170228432E-01  -0.367744932386E-01  -0.101419793493E+01   0.330618533640E+01   0.000000000000E+00
      85   0.000000000000E+00   0.000000000000E+00   0.000000000000E+00  -0.156913286812E+00   0.933967844053E-01  -0.115385357988E+00  -0.374879079294E+01   0.177759539864E+01   0.000000000000E+00
      86   0.000000000000E+00   0.000000000000E+00   0.000000000000E+00  -0.780987778483E-01   0.631432395863E-01  -0.126260760111E+00  -0.214382064384E+01   0.129617600644E+01   0.000000000000E+00
      87   0.000000000000E+00   0.000000000000E+00   0.000000000000E+00  -0.821748064599E-01   0.309057777130E-01  -0.145824156411E+00  -0.182719104860E+01   0.231799197993E+00   0.000000000000E+00
      88   0.000000000000E+00   0.000000000000E+00   0.000000000000E+00  -0.272778796356E-02   0.798172867729E-02  -0.174059670021E-01  -0.231152752934E+00   0.102628043851E+01   0.000000000000E+00
      89   0.000000000000E+00   0.000000000000E+00   0.000000000000E+00   0.360689814618E-02   0.932792777415E-02  -0.101527167066E-01  -0.286974297761E+00   0.274080093891E+01   0.000000000000E+00
      90   0.000000000000E+00   0.000000000000E+00   0.000000000000E+00  -0.126211388548E-01  -0.426063137400E-01   0.318044698393E-01   0.882230636782E+00   0.392102300822E+01   0.000000000000E+00
      91   0.000000000000E+00   0.000000000000E+00   0.000000000000E+00  -0.180953721596E-01  -0.350306470770E-02  -0.477399745829E-01  -0.273851603210E+01  -0.133623120228E+01  -0.100000000000E+01
      92   0.000000000000E+00   0.000000000000E+00   0.000000000000E+00  -0.427703388524E-01   0.978371832434E-03  -0.413408194316E-01  -0.347705845067E+01  -0.279027638949E+01  -0.100000000000E+01
      93   0.000000000000E+00   0.000000000000E+00   0.000000000000E+00  -0.196415453486E-01   0.347321700195E-02  -0.524344263319E-01  -0.308050934644E+01   0.124465872877E+01  -0.100000000000E+01
      94   0.000000000000E+00   0.000000000000E+00   0.000000000000E+00  -0.535598989413E-01   0.167659786236E-02  -0.247707453786E-01  -0.198670245272E+01  -0.412543015169E+01  -0.100000000000E+01
      95   0.000000000000E+00   0.000000000000E+00   0.000000000000E+00  -0.534220012333E-01  -0.405245603875E-02   0.378634620744E-01   0.357991411937E+01  -0.285488624468E+01  -0.100000000000E+01
      96   0.000000000000E+00   0.000000000000E+00   0.000000000000E+00  -0.139080259580E-01  -0.391357508820E-02  -0.365598050795E-01  -0.194191019878E+01  -0.183987866826E+01  -0.100000000000E+01
      97   0.000000000000E+00   0.000000000000E+00   0.000000000000E+00  -0.399964076482E-01   0.264725071774E-03  -0.587423621168E-01  -0.433575550309E+01  -0.989607900131E+00  -0.100000000000E+01
      98   0.000000000000E+00   0.000000000000E+00   0.000000000000E+00  -0.167623696585E-01   0.496451402572E-02  -0.320527903547E-01  -0.195736308326E+01   0.284764873818E+01  -0.100000000000E+01
      99   0.000000000000E+00   0.000000000000E+00   0.000000000000E+00  -0.394430933347E-01   0.759840631764E-03  -0.415142733641E-01  -0.349214201930E+01   0.278489033059E+01  -0.100000000000E+01
     100   0.000000000000E+00   0.000000000000E+00   0.000000000000E+00  -0.159438470412E-01  -0.366161075473E-04   0.564678216005E-01   0.304708667955E+01   0.157051379351E-01  -0.100000000000E+01
     101   0.000000000000E+00   0.000000000000E+00   0.000000000000E+00  -0.113575107853E-01   0.281422119763E-02   0.299093017804E-01   0.136163339762E+01  -0.230263397537E+01  -0.100000000000E+01
     102   0.000000000000E+00   0.000000000000E+00   0.000000000000E+00  -0.195659331428E-01   0.622454000088E-03  -0.565332955988E-01  -0.329660583332E+01   0.219492099222E+00  -0.100000000000E+01
     103   0.000000000000E+00   0.000000000000E+00   0.000000000000E+00  -0.468266496525E-01   0.155960230934E-02  -0.609758837922E-01  -0.446407988991E+01   0.101889710403E+01  -0.100000000000E+01
     104   0.000000000000E+00   0.000000000000E+00   0.000000000000E+00  -0.429820545668E-02  -0.217298889004E-02   0.179599147485E-01   0.137279854700E+01  -0.532936669871E+00  -0.100000000000E+01
     105   0.000000000000E+00   0.000000000000E+00   0.000000000000E+00  -0.388627446791E-01  -0.249784200397E-02   0.209046696326E-01   0.192959272791E+01   0.400684058617E+01  -0.100000000000E+01
     106   0.000000000000E+00   0.000000000000E+00   0.000000000000E+00  -0.136671014500E-01  -0.124130106204E-02   0.508178338264E-01   0.254789406947E+01   0.815110142741E+00  -0.100000000000E+01
     107   0.000000000000E+00   0.000000000000E+00   0.000000000000E+00  -0.449328882281E-01  -0.531643649198E-03  -0.249309227890E-02  -0.888178419700E-15  -0.444725753455E+01  -0.100000000000E+01
     108   0.000000000000E+00   0.000000000000E+00   0.000000000000E+00  -0.172036254919E-01  -0.743192023610E-02   0.396265936957E-01   0.222700595115E+01   0.244053914033E+01  -0.100000000000E+01
     109   0.000000000000E+00   0.000000000000E+00   0.000000000000E+00  -0.403793390720E-01  -0.277188634055E-02   0.598717735056E-01   0.433575550309E+01  -0.989607900131E+00  -0.100000000000E+01
     110   0.000000000000E+00   0.000000000000E+00   0.000000000000E+00  -0.470235369894E-01  -0.647892053660E-02   0.412266510179E-01   0.357991411937E+01   0.285488624468E+01  -0.100000000000E+01
     111   0.000000000000E+00   0.000000000000E+00   0.000000000000E+00  -0.215506502869E-01   0.215174918023E-03  -0.150397596337E-01  -0.978347293909E+00   0.408650476597E+01  -0.100000000000E+01
     112   0.000000000000E+00   0.000000000000E+00   0.000000000000E+00  -0.691109625511E-02  -0.281417214546E-02  -0.189654059180E-01  -0.993857715267E+00   0.415963026683E-01  -0.100000000000E+01
     113   0.000000000000E+00   0.000000000000E+00   0.000000000000E+00  -0.848019196740E-02  -0.535288569164E-03  -0.328351566159E-02  -0.214098420070E+00  -0.145696918679E+01  -0.100000000000E+01
     114   0.000000000000E+00   0.000000000000E+00   0.000000000000E+00  -0.130401825442E-01   0.203663801572E-02   0.137533753998E-01   0.693351951117E+00  -0.296719513277E+01  -0.100000000000E+01
     115   0.000000000000E+00   0.000000000000E+00   0.000000000000E+00  -0.310908475415E-01   0.253881845736E-02  -0.635851389174E-01  -0.412993916666E+01   0.292892038970E-01  -0.100000000000E+01
     116   0.000000000000E+00   0.000000000000E+00   0.000000000000E+00  -0.517104198995E-01  -0.528140990072E-03  -0.216535606373E-01  -0.200928454231E+01   0.417232234391E+01  -0.100000000000E+01
     117   0.000000000000E+00   0.000000000000E+00   0.000000000000E+00  -0.617257540433E-02  -0.436763472481E-03  -0.188460661410E-01  -0.100561619771E+01  -0.107579431475E+01  -0.100000000000E+01
     118   0.000000000000E+00   0.000000000000E+00   0.000000000000E+00  -0.160354855965E-01  -0.909401941010E-03  -0.468061059511E-01  -0.263555536437E+01  -0.381943953446E+00  -0.100000000000E+01
     119   0.000000000000E+00   0.000000000000E+00   0.000000000000E+00  -0.296914764780E-01  -0.455710261781E-02  -0.504387943023E-01  -0.360538283749E+01  -0.175369225364E+01  -0.100000000000E+01
     120   0.000000000000E+00   0.000000000000E+00   0.000000000000E+00  -0.309385544924E-01  -0.577374293815E-02  -0.333098552024E-01  -0.255212823052E+01  -0.326463465157E+01  -0.100000000000E+01
     121   0.000000000000E+00   0.000000000000E+00   0.000000000000E+00  -0.143805063364E-01   0.130463616557E-02  -0.345309295180E-01  -0.171720617479E+01   0.195053353518E+01  -0.100000000000E+01
     122   0.000000000000E+00   0.000000000000E+00   0.000000000000E+00  -0.900925723167E-02  -0.337365196153E-02   0.281798390717E-01   0.131581326927E+01   0.229085055363E+01  -0.100000000000E+01
     123   0.000000000000E+00   0.000000000000E+00   0.000000000000E+00  -0.233575833528E-01  -0.158653033456E-02  -0.129828398287E-01  -0.947552782952E+00  -0.401987550818E+01  -0.100000000000E+01
     124   0.000000000000E+00   0.000000000000E+00   0.000000000000E+00  -0.173633392958E-01  -0.389909669094E-02  -0.311867876840E-01  -0.188384678402E+01  -0.273169798169E+01  -0.100000000000E+01
     125   0.000000000000E+00   0.000000000000E+00   0.000000000000E+00  -0.467087735374E-01  -0.175891415121E-02   0.228087155382E-01   0.194660004095E+01  -0.401077624403E+01  -0.100000000000E+01
     126   0.000000000000E+00   0.000000000000E+00   0.000000000000E+00  -0.147916089919E-01  -0.404654937107E-02  -0.174512280961E-01  -0.947552782952E+00  -0.316511145545E+01  -0.100000000000E+01
     127   0.000000000000E+00   0.000000000000E+00   0.000000000000E+00  -0.867831805742E-02  -0.431022143732E-02   0.127016010983E-01   0.825051249695E+00  -0.121979005576E+01  -0.100000000000E+01
     128   0.000000000000E+00   0.000000000000E+00   0.000000000000E+00  -0.891500959065E-02  -0.488794837545E-03  -0.507414275994E-02  -0.214098420070E+00  -0.265446701407E+01  -0.100000000000E+01
     129   0.000000000000E+00   0.000000000000E+00   0.000000000000E+00  -0.193250456044E-01   0.240358894077E-02   0.143612078175E-01   0.907450371186E+00  -0.390522160052E+01  -0.100000000000E+01
     130   0.000000000000E+00   0.000000000000E+00   0.000000000000E+00  -0.260078394058E-01   0.456441405939E-02   0.327802065093E-01   0.261488148745E+01  -0.321459059909E+01  -0.100000000000E+01
     131   0.000000000000E+00   0.000000000000E+00   0.000000000000E+00  -0.307151543650E-01   0.505477055761E-02   0.529339230698E-01   0.370823850619E+01  -0.181830210883E+01  -0.100000000000E+01
     132   0.000000000000E+00   0.000000000000E+00   0.000000000000E+00  -0.193741626101E-01   0.592624767654E-02   0.393696252369E-01   0.224401326419E+01  -0.244447479819E+01  -0.100000000000E+01
     133   0.000000000000E+00   0.000000000000E+00   0.000000000000E+00  -0.396017618661E-01  -0.507867559782E-02   0.689156191119E-01   0.434337696897E+01   0.100531303807E+01  -0.100000000000E+01
     134   0.000000000000E+00   0.000000000000E+00   0.000000000000E+00  -0.204136059597E-01   0.336651096171E-02   0.485877852349E-01   0.287490517285E+01  -0.162809921351E+01  -0.100000000000E+01
     135   0.000000000000E+00   0.000000000000E+00   0.000000000000E+00  -0.334279159021E-02   0.133500046144E-02   0.170053505005E-01   0.137279854700E+01   0.532936669871E+00  -0.100000000000E+01
     136   0.000000000000E+00   0.000000000000E+00   0.000000000000E+00  -0.147620489606E-01   0.536026972698E-03   0.477522975009E-01   0.254027260359E+01  -0.799405004806E+00  -0.100000000000E+01
     137   0.000000000000E+00   0.000000000000E+00   0.000000000000E+00  -0.288921803854E-01   0.724084717900E-03   0.664660356581E-01   0.400923624572E+01   0.157051379351E-01  -0.100000000000E+01
     138   0.000000000000E+00   0.000000000000E+00   0.000000000000E+00  -0.307199625919E-01  -0.697236322964E-02   0.613352688610E-01   0.371585997207E+01   0.183400724677E+01  -0.100000000000E+01
     139   0.000000000000E+00   0.000000000000E+00   0.000000000000E+00  -0.243322752828E-01  -0.776538753996E-02   0.316814225091E-01   0.259787417441E+01   0.321065494124E+01  -0.100000000000E+01
     140   0.000000000000E+00   0.000000000000E+00   0.000000000000E+00  -0.184438183944E-01  -0.437714555902E-02   0.530620155179E-01   0.288252663874E+01   0.164380435144E+01  -0.100000000000E+01
     141   0.000000000000E+00   0.000000000000E+00   0.000000000000E+00  -0.395742028804E-01  -0.140741719824E-02  -0.439191713827E-02  -0.821242136106E-02   0.446699460011E+01  -0.100000000000E+01
     142   0.000000000000E+00   0.000000000000E+00   0.000000000000E+00  -0.120867889937E-01  -0.178298283912E-02   0.107830625563E-01   0.639319401401E+00   0.297514877660E+01  -0.100000000000E+01
     143   0.000000000000E+00   0.000000000000E+00   0.000000000000E+00  -0.661846776916E-02   0.305550934851E-02  -0.194333248038E-01  -0.637871617214E+00   0.187084086258E+01  -0.100000000000E+01
     144   0.000000000000E+00   0.000000000000E+00   0.000000000000E+00  -0.652175767478E-02   0.354178515682E-02   0.957504831610E-02   0.796238434383E+00   0.121194229188E+01  -0.100000000000E+01
     145   0.000000000000E+00   0.000000000000E+00   0.000000000000E+00  -0.272366277192E-01   0.715096455135E-02  -0.350510928802E-01  -0.258979388875E+01   0.330614078489E+01  -0.100000000000E+01
     146   0.000000000000E+00   0.000000000000E+00   0.000000000000E+00  -0.149510234559E-01   0.480543844069E-02  -0.195053876664E-01  -0.101419793493E+01   0.330618533640E+01  -0.100000000000E+01
     147   0.000000000000E+00   0.000000000000E+00   0.000000000000E+00  -0.281203379655E-01   0.806773219420E-02  -0.558942618669E-01  -0.374879079294E+01   0.177759539864E+01  -0.100000000000E+01
     148   0.000000000000E+00   0.000000000000E+00   0.000000000000E+00  -0.127378586361E-01   0.197274881921E-02  -0.391645958982E-01  -0.214382064384E+01   0.129617600644E+01  -0.100000000000E+01
     149   0.000000000000E+00   0.000000000000E+00   0.000000000000E+00  -0.103377370611E-01   0.729775710056E-03  -0.383086491314E-01  -0.182719104860E+01   0.231799197993E+00  -0.100000000000E+01
     150   0.000000000000E+00   0.000000000000E+00   0.000000000000E+00  -0.748915271062E-02   0.746275337401E-03  -0.178947285291E-01  -0.231152752934E+00   0.102628043851E+01  -0.100000000000E+01
     151   0.000000000000E+00   0.000000000000E+00   0.000000000000E+00  -0.881446071285E-02   0.133346278768E-03  -0.546718504561E-02  -0.286974297761E+00   0.274080093891E+01  -0.100000000000E+01
     152   0.000000000000E+00   0.000000000000E+00   0.000000000000E+00  -0.175490614922E-01  -0.510913706711E-02   0.103769941139E-01   0.882230636782E+00   0.392102300822E+01  -0.100000000000E+01
     153   0.000000000000E+00   0.000000000000E+00   0.000000000000E+00  -0.331383562353E+00  -0.753264278402E-01   0.868531801468E-01   0.483494811317E+01   0.723139565196E+00  -0.333333333333E+00
     154   0.000000000000E+00   0.000000000000E+00   0.000000000000E+00  -0.233016343461E+00  -0.408822850945E-01   0.237744078157E-01   0.466989622634E+01   0.144627913039E+01  -0.666666666667E+00
     155   0.000000000000E+00   0.000000000000E+00   0.000000000000E+00  -0.219409186707E+00  -0.137683163191E+00   0.617333690688E-01   0.404237922944E+01   0.274933160117E+01  -0.333333333333E+00
     156   0.000000000000E+00   0.000000000000E+00   0.000000000000E+00  -0.158541677409E+00  -0.741262239954E-01   0.123005990877E-01   0.357991411937E+01   0.332924450676E+01  -0.666666666667E+00
     157   0.000000000000E+00   0.000000000000E+00   0.000000000000E+00  -0.118327435711E+00  -0.110966343777E+00   0.458537762171E-01   0.244916756279E+01   0.423098479520E+01  -0.333333333333E+00
     158   0.000000000000E+00   0.000000000000E+00   0.000000000000E+00  -0.919213490273E-01  -0.525744412088E-01   0.313904510614E-02   0.178088611629E+01   0.455281217805E+01  -0.666666666667E+00
     159   0.000000000000E+00   0.000000000000E+00   0.000000000000E+00  -0.666725205855E-01  -0.159804842441E-01   0.139213217456E-01   0.370868223261E+00   0.487463956091E+01  -0.333333333333E+00
     160   0.000000000000E+00   0.000000000000E+00   0.000000000000E+00  -0.641796708572E-01   0.153906875206E-01  -0.863003008910E-02  -0.370868223261E+00   0.487463956091E+01  -0.666666666667E+00
     161   0.000000000000E+00   0.000000000000E+00   0.000000000000E+00  -0.103849905763E+00   0.786330577558E-01  -0.179959411050E-01  -0.178088611629E+01   0.455281217805E+01  -0.333333333333E+00
     162   0.000000000000E+00   0.000000000000E+00   0.000000000000E+00  -0.917663948777E-01   0.748007902240E-01  -0.131984223456E-01  -0.244916756279E+01   0.423098479520E+01  -0.666666666667E+00
     163   0.000000000000E+00   0.000000000000E+00   0.000000000000E+00  -0.202864719022E+00   0.114332705433E+00  -0.504381347152E-01  -0.357991411937E+01   0.332924450676E+01  -0.333333333333E+00
     164   0.000000000000E+00   0.000000000000E+00   0.000000000000E+00  -0.167951484209E+00   0.972752846629E-01  -0.229514432542E-01  -0.404237922944E+01   0.274933160117E+01  -0.666666666667E+00
     165   0.000000000000E+00   0.000000000000E+00   0.000000000000E+00  -0.297632692826E+00   0.625345776920E-01  -0.705936287883E-01  -0.466989622634E+01   0.144627913039E+01  -0.333333333333E+00
     166   0.000000000000E+00   0.000000000000E+00   0.000000000000E+00  -0.232324406867E+00   0.560925295988E-01  -0.253540477466E-01  -0.483494811317E+01   0.723139565196E+00  -0.666666666667E+00
     167   0.000000000000E+00   0.000000000000E+00   0.000000000000E+00  -0.320032409857E+00  -0.406541620305E-01  -0.816557902830E-01  -0.483494811317E+01  -0.723139565196E+00  -0.333333333333E+00
     168   0.000000000000E+00   0.000000000000E+00   0.000000000000E+00  -0.237000317419E+00  -0.195222843390E-01  -0.241770229920E-01  -0.466989622634E+01  -0.144627913039E+01  -0.666666666667E+00
     169   0.000000000000E+00   0.000000000000E+00   0.000000000000E+00  -0.242968053793E+00  -0.111018832754E+00  -0.709126840565E-01  -0.404237922944E+01  -0.274933160117E+01  -0.333333333333E+00
     170   0.000000000000E+00   0.000000000000E+00   0.000000000000E+00  -0.178677173599E+00  -0.625603754170E-01  -0.140212648350E-01  -0.357991411937E+01  -0.332924450676E+01  -0.666666666667E+00
     171   0.000000000000E+00   0.000000000000E+00   0.000000000000E+00  -0.142062160227E+00  -0.927923079341E-01  -0.427244935236E-01  -0.244916756279E+01  -0.423098479520E+01  -0.333333333333E+00
     172   0.000000000000E+00   0.000000000000E+00   0.000000000000E+00  -0.114377176226E+00  -0.538298789253E-01  -0.429100855880E-02  -0.178088611629E+01  -0.455281217805E+01  -0.666666666667E+00
     173   0.000000000000E+00   0.000000000000E+00   0.000000000000E+00  -0.994134191678E-01  -0.160479543486E-01  -0.152225111694E-01  -0.370868223261E+00  -0.487463956091E+01  -0.333333333333E+00
     174   0.000000000000E+00   0.000000000000E+00   0.000000000000E+00  -0.851751938576E-01   0.639822137923E-02   0.929149405125E-02   0.370868223261E+00  -0.487463956091E+01  -0.666666666667E+00
     175   0.000000000000E+00   0.000000000000E+00   0.000000000000E+00  -0.139110016742E+00   0.762448734873E-01   0.233805340953E-01   0.178088611629E+01  -0.455281217805E+01  -0.333333333333E+00
     176   0.000000000000E+00   0.000000000000E+00   0.000000000000E+00  -0.113684388786E+00   0.635742790721E-01   0.180485496692E-01   0.244916756279E+01  -0.423098479520E+01  -0.666666666667E+00
     177   0.000000000000E+00   0.000000000000E+00   0.000000000000E+00  -0.225617867688E+00   0.910850673809E-01   0.479207740011E-01   0.357991411937E+01  -0.332924450676E+01  -0.333333333333E+00
     178   0.000000000000E+00   0.000000000000E+00   0.000000000000E+00  -0.172529535140E+00   0.778156539701E-01   0.210959883485E-01   0.404237922944E+01  -0.274933160117E+01  -0.666666666667E+00
     179   0.000000000000E+00   0.000000000000E+00   0.000000000000E+00  -0.318652401632E+00   0.376938093286E-01   0.776945336018E-01   0.466989622634E+01  -0.144627913039E+01  -0.333333333333E+00
     180   0.000000000000E+00   0.000000000000E+00   0.000000000000E+00  -0.237809985666E+00   0.371477105348E-01   0.265861717006E-01   0.483494811317E+01  -0.723139565196E+00  -0.666666666667E+00
 
  Total force acting on the body is:
  -19.8766290685392       3.375063799879151E-002 -1.571460945702284E-003
 
 Total CPU time, wall-clock time used =     10.33 (sec),      5.55 (sec)
