Tuesday 02. April 2019, 17:36:11
	1       ! Problem Type (Do not change this number)
	744	376	1	 ! No. of Elements, Nodes, Mu (Viscosity)
 $ Nodes (Node #, x, y, and z coordinates):
1	-0.05008029132528338	-9.084934160922566	0.08494800589531826
2	0.0497582731552845	-9.08895044293828	0.08093172387960468
3	0.10317008163627868	-9.004426972495983	0.07921077670443616
4	0.05674332563670498	-8.915887220037972	0.08150611154498122
5	-0.04309523884386293	-8.911870938022258	0.0855223935606948
6	-0.09650704732485718	-8.996394408464555	0.08724334073586332
7	-0.025129697211705132	-9.05749120915124	0.3492722957681681
8	0.07409799639163822	-9.062091666965372	0.3377527206865346
9	0.1260292520952893	-8.978984049092013	0.3178462259559804
10	0.07873281419559701	-8.891275973404518	0.30945930630705965
11	-0.020494879407746407	-8.886675515590385	0.3209788813886932
12	-0.07242613511139755	-8.969783133463745	0.3408853761192474
13	0.035595515553894605	-8.961531495676065	0.6854658411747004
14	0.13317244853296145	-8.96874055826642	0.6648073909190051
15	0.18082469510187055	-8.892394819433683	0.6212116163643593
16	0.13090000869171278	-8.808840018010592	0.5982742920654089
17	0.033323075712645894	-8.801630955420238	0.6189327423211044
18	-0.014329170856263285	-8.877976694252974	0.6625285168757502
19	0.1267696206350116	-8.791269483532279	0.982850892784145
20	0.22213456806128645	-8.802609254507429	0.9549773139573245
21	0.26343786206333186	-8.738119683346996	0.8906723132487945
22	0.20937620863910245	-8.662290341211413	0.8542408913670847
23	0.11401126121282759	-8.650950570236262	0.8821144701939051
24	0.07270796721078213	-8.715440141396694	0.9464194709024352
25	0.23777644502056122	-8.562257752166758	1.2259263479362124
26	0.3309664894598112	-8.578084364105418	1.1932899576340716
27	0.3655993346683084	-8.527355978188853	1.11437736741512
28	0.30704213543755554	-8.460800980333625	1.0681011674983092
29	0.2138520909983055	-8.444974368394965	1.1007375578004497
30	0.17921924578980827	-8.495702754311532	1.1796501480194013
31	0.35788420251344516	-8.296316263259174	1.414883384471045
32	0.44945086141196744	-8.315737323720718	1.3796929114888485
33	0.47864068918460284	-8.277060693527933	1.2922167877090747
34	0.416263858058716	-8.2189630028736	1.2399311369114971
35	0.3246971991601937	-8.199541942412056	1.2751216098936935
36	0.2955073713875582	-8.238218572604843	1.3625977336734674
37	0.4792821340186703	-8.009640892001823	1.5604050119258523
38	0.569970060303388	-8.031137025799513	1.5241611675115339
39	0.5952511088853576	-8.001690738657635	1.4319994359948456
40	0.5298442311826095	-7.950748317718064	1.3760815488924762
41	0.4391563048978918	-7.929252183920372	1.4123253933067947
42	0.41387525631592215	-7.9586984710622515	1.5044871248234828
43	0.596520392273671	-7.710394850279453	1.6736570508630015
44	0.6870169603643331	-7.732379416780929	1.6372283533903451
45	0.7095962287167049	-7.709829295382492	1.542456687447473
46	0.6416789289784146	-7.665294607482578	1.4841137189772575
47	0.5511823608877525	-7.643310040981103	1.5205424164499142
48	0.5286030925353806	-7.6658601623795395	1.615314082392786
49	0.7055278054108056	-7.4022793198153565	1.7627463851542473
50	0.7963176951200831	-7.4234347979263955	1.726557413457464
51	0.8170613890930035	-7.406073020349906	1.630285570015353
52	0.7470151933566465	-7.367555764662377	1.5702026982700252
53	0.656225303647369	-7.346400286551338	1.6063916699668086
54	0.6354816096744484	-7.363762064127828	1.7026635134089194
55	0.8034509413493762	-7.087082353703469	1.8330539702886293
56	0.8947947048700475	-7.1064550128821065	1.7972626732706665
57	0.9142743551048024	-7.09316196190259	1.700083261755739
58	0.842410241818886	-7.060496251744436	1.6386951472587745
59	0.7510664782982147	-7.041123592565797	1.6744864442767373
60	0.7315868280634598	-7.054416643545314	1.7716658557916647
61	0.8882772408235896	-6.765758258365304	1.8876539376036472
62	0.9802652863078323	-6.782690361871907	1.8522773442284992
63	0.9988209276162744	-6.772897479069725	1.7545031777935192
64	0.9253885234404736	-6.746172492760939	1.6921056047336873
65	0.8334004779562308	-6.729240389254336	1.727482198108835
66	0.8148448366477887	-6.739033272056519	1.825256364543815
67	0.9585679171414797	-6.439372776242855	1.928192461162986
68	1.0511706819943814	-6.453450513693491	1.8931703931219757
69	1.0690590099885076	-6.446756209804209	1.7950113689977896
70	0.9943445731297321	-6.425984168464293	1.7318744129146142
71	0.9017418082768304	-6.411906431013657	1.7668964809556245
72	0.883853480282704	-6.418600734902938	1.8650555050798105
73	1.0139328952223094	-6.109488065461897	1.9564606281084655
74	1.1070339293456495	-6.120596940890509	1.9216929659512787
75	1.1245056722989881	-6.116384795905889	1.823321242205067
76	1.048876381128987	-6.101063775492657	1.7597171806160419
77	0.9557753470056469	-6.089954900064045	1.7944848427732287
78	0.9383036040523081	-6.094167045048666	1.8928565665194403
79	1.0554373625235418	-5.7778845764496385	1.9754680698361469
80	1.1488943543900525	-5.786149506429976	1.9408634226961587
81	1.1661793143941515	-5.783429674868781	1.8424061595108792
82	1.0900072825317397	-5.7724449133272495	1.7785535434655877
83	0.996550290665229	-5.764179983346912	1.8131581906055758
84	0.9792653306611301	-5.766899814908108	1.9116154537908554
85	1.085137158094384	-5.445805292585137	1.9891550359340981
86	1.1788302557497412	-5.451430283246443	1.9546591965936226
87	1.1960784184275934	-5.449121888901033	1.856184975602622
88	1.1196334834500887	-5.441188503894315	1.792206593952097
89	1.0259403857947313	-5.435563513233007	1.8267024332925725
90	1.0086922231168791	-5.437871907578418	1.925176654283573
91	1.1052893647367872	-5.11358831922187	2.000915997690847
92	1.1991228385891715	-5.116899156411625	1.9665020827450455
93	1.21638687229652	-5.114329122281239	1.8680371241825184
94	1.1398174321514845	-5.108448250961097	1.8039860805657926
95	1.0459839582991002	-5.105137413771343	1.8383999955115937
96	1.0287199245917515	-5.1077074479017295	1.9368649540741207
97	1.1175608470802294	-4.7810158317802225	2.0122788579778232
98	1.2114697216993777	-4.78228321487035	1.9779347608450126
99	1.2287453238086956	-4.7793996627288715	1.8794805141168602
100	1.1521120512988654	-4.775248727497267	1.8153703645215185
101	1.058203176679717	-4.773981344407141	1.849714461654329
102	1.0409275745703988	-4.776864896548618	1.9481687083824812
103	1.1225920402078793	-4.447624692758167	2.022453287694847
104	1.2165279965122409	-4.44709750887204	1.9881639571336462
105	1.2337993891582815	-4.444492896675626	1.8897011977198832
106	1.1571348254999605	-4.442415468365336	1.825527768867321
107	1.063198869195599	-4.442942652251463	1.8598170994285217
108	1.0459274765495583	-4.445547264447877	1.9582798588422847
109	1.1201267514266495	-4.113200221802513	2.0288193601294595
110	1.2140506520874004	-4.111037673629678	1.9945611600881616
111	1.2313309310226495	-4.109638498528309	1.89607545417631
112	1.1546873092971477	-4.110401871599775	1.8318479483057566
113	1.0607634086363968	-4.1125644197726094	1.8661061483470547
114	1.0434831297011478	-4.113963594873979	1.9645918542589063
115	1.109328236224804	-3.778092594861734	2.0282452704954115
116	1.2032002857782877	-3.774320970529537	1.993984313670987
117	1.2205456583785022	-3.7749418229635836	1.8955020686132362
118	1.1440189814252328	-3.7793342997298263	1.83128078037991
119	1.0501469318717491	-3.7831059240620233	1.8655417372043344
120	1.0328015592715347	-3.7824850716279776	1.9640239822620853
121	1.0892984155728767	-3.443232345447111	2.018593997348697
122	1.18306852048189	-3.4377564030088736	1.9842839189494026
123	1.200554445731048	-3.44072702502318	1.8858693985622719
124	1.1242702660711925	-3.4491735894757243	1.8217649565744354
125	1.0305001611621791	-3.4546495319139625	1.8560750349737294
126	1.013014235913021	-3.4516789098996554	1.95448955536086
127	1.0594379836619288	-3.1097590364102325	1.9996473901332275
128	1.153036090639667	-3.102362265785195	1.9652281781360823
129	1.170708875698474	-3.1074196895807376	1.866932221287301
130	1.0947835537795427	-3.1198738840013176	1.8030554764356648
131	1.0011854468018042	-3.127270654626355	1.83747468843281
132	0.9835126617429972	-3.1222132308308126	1.9357706452815913
133	1.0195848700782904	-2.778633665090929	1.9732419151285496
134	1.1129180303508224	-2.7690355438789895	1.9386471573935582
135	1.1307450532357248	-2.7753744764546973	1.8404533939008507
136	1.0552389158480953	-2.7913115302423455	1.7768543881431347
137	0.9619057555755632	-2.800909651454286	1.8114491458781259
138	0.9440787326906607	-2.7945707188785773	1.9096429093708336
139	0.9702712809348353	-2.450209279134346	1.9427175717907101
140	1.0632547601441367	-2.4382823095429558	1.9079063668345544
141	1.081113993660796	-2.4448357623928683	1.8097325412294503
142	1.0059897479681543	-2.463316184834172	1.7463699205805019
143	0.9130062687588528	-2.475243154425562	1.7811811255366574
144	0.8951470352421933	-2.4686897015756495	1.8793549511417615
145	0.9126644010755265	-2.124157719847071	1.9117523019848464
146	1.0052418324786108	-2.1099325431418583	1.8767228352102483
147	1.0229702122474689	-2.1157453713424985	1.7784786721313102
148	0.9481211606132427	-2.1357833762483516	1.71526397582697
149	0.8555437292101583	-2.1500085529535644	1.7502934426015682
150	0.8378153494413001	-2.144195724752924	1.8485376056805063
151	0.8479119944238238	-1.7998784837882251	1.883238653836314
152	0.9400393402314818	-1.7833992840828392	1.8480109923824763
153	0.9574954153596684	-1.7878484140683737	1.7496469202652094
154	0.882824144680197	-1.808776743759294	1.6865105096017796
155	0.7906967988725389	-1.825255943464681	1.7217381710556172
156	0.7732407237443523	-1.8208068134791464	1.8201022431728842
157	0.7767597624288832	-1.4767734923576663	1.8585992931189823
158	0.8684183473735645	-1.458165631609309	1.823209304078176
159	0.8855435105959273	-1.4611120779490525	1.7247306402033324
160	0.8110100888736087	-1.4826663850371515	1.661641965369295
161	0.7193515039289273	-1.5012742457855088	1.6970319544101014
162	0.7022263407065645	-1.4983277994457662	1.795510618284945
163	0.6995471132581331	-1.154562646736836	1.8377588566221945
164	0.7907237079151448	-1.1339434251170166	1.8022387737599068
165	0.8075415816095205	-1.1356075424376595	1.7036771694814496
166	0.7331828606468845	-1.1578908813781217	1.6406356480652802
167	0.6420062659898729	-1.178510102997941	1.6761557309275679
168	0.6251883922954972	-1.1768459856772981	1.774717335206025
169	0.6159557069826553	-0.8335074991602003	1.819871118425563
170	0.7065775198696613	-0.8107574900204568	1.7842323177553099
171	0.7231272268450839	-0.8113916414537936	1.6856133284531107
172	0.6490551209335004	-0.8347758020268756	1.6226331398211649
173	0.5584333080464943	-0.8575258111666191	1.6582719404914177
174	0.5418836010710716	-0.8568916597332805	1.7568909297936168
175	0.5249674196223457	-0.5141757239456659	1.804029424305654
176	0.6149039211170013	-0.4890205517556403	1.7682713061925317
177	0.6312131235291039	-0.48881063041333483	1.669610443386092
178	0.5575858244465509	-0.5137558812610532	1.6067076986927749
179	0.4676493229518953	-0.5389110534510788	1.6424658168058972
180	0.45134012053979267	-0.5391209747933843	1.7411266796123368
181	0.4520645448008816	-0.2759475750163247	1.792993923843558
182	0.5413979780913101	-0.24884590628238	1.7571465076412698
183	0.5575283918018348	-0.2480589165632736	1.6584591710640306
184	0.48432537222193106	-0.2743735955781119	1.5956192506890792
185	0.39499193893150253	-0.3014752643120584	1.6314666668913673
186	0.37886152522097777	-0.302262254031163	1.7301540034686065
187	0.0	-9.0	0.0
188	0.442730319501733	-0.1958923958395964	1.6907765303801725
189	-0.04397314042543292	8.93396721349698	0.10319284586723018
190	0.028661045064715167	8.885365386894561	0.054591019264813495
191	0.110046616138104	8.934744896210825	0.02396337030601367
192	0.11879800172134479	9.032726232129505	0.041937547949630505
193	0.04616381623119674	9.081328058731922	0.09053937455204718
194	-0.035221754842192116	9.031948549415658	0.12116702351084704
195	0.0825827659721228	8.877016443410806	0.31730355934917154
196	0.1507645071137537	8.830413286178691	0.2609174270922556
197	0.22948577163417588	8.880988783020836	0.22563171282322128
198	0.24002529501296727	8.978167437095095	0.24673213081110285
199	0.1718435538713364	9.02477059432721	0.30311826306801876
200	0.09312228935091417	8.974195097485065	0.33840397733705313
201	0.27339447428879826	8.791025569006145	0.585032929645489
202	0.33522824158152603	8.747283179304867	0.5197398322644463
203	0.40990205707750155	8.799682692916372	0.47877506383411345
204	0.4227421052807493	8.895824596229154	0.5031033927848232
205	0.3609083379880216	8.939566985930432	0.5683964901658659
206	0.28623452249204606	8.887167472318927	0.6093612585961988
207	0.4905276356826141	8.69893637670843	0.8307793342320152
208	0.5470884668830018	8.657430321149082	0.7595184071693848
209	0.6168150849588478	8.711928018069422	0.7129544751824494
210	0.6299808718343061	8.807931770549109	0.7376514702581446
211	0.5734200406339183	8.849437826108456	0.808912397320775
212	0.5036934225580724	8.794940129188117	0.8554763293077104
213	0.7304607754672111	8.616039566440243	1.0598355396363728
214	0.7841941743828456	8.57551037751874	0.9858753700426085
215	0.8475733188456335	8.632201101391706	0.9332517453677155
216	0.8572190643927872	8.729421014186178	0.9545882902865868
217	0.8034856654771527	8.769950203107681	1.0285484598803512
218	0.7401065210143647	8.713259479234713	1.0811720845552442
219	0.9897337962920869	8.56021116069846	1.2775312369717877
220	1.0430553655334949	8.519770645841767	1.203225281545864
221	1.0984542318275488	8.578179661882176	1.1439011510547674
222	1.100531528880195	8.67702919277928	1.1588829759895947
223	1.047209959638787	8.717469707635972	1.2331889314155184
224	0.991811093344733	8.659060691595561	1.292513061906615
225	1.263185036558572	8.544900354704016	1.4850296365961833
226	1.3175180575847882	8.50440321223053	1.4114911821818639
227	1.3639071042424038	8.563316656283638	1.345330299025735
228	1.3559631298738033	8.66272724281023	1.3527078702839255
229	1.301630108847587	8.703224385283717	1.4262463246982449
230	1.2552410621899714	8.644310941230609	1.4924072078543738
231	1.5439686452313688	8.575041200656953	1.680203902822363
232	1.5998151559103784	8.534706518628209	1.6077174856766707
233	1.6372070311567894	8.592654191646027	1.5353026055940733
234	1.6187523957241907	8.690936546692589	1.5353741426571685
235	1.5629058850451811	8.731271228721333	1.6078605598028608
236	1.52551400979877	8.673323555703515	1.680275439885458
237	1.8249673851759587	8.648343297416305	1.8610975454947993
238	1.8826197072289517	8.608479675333392	1.7897736266713886
239	1.9120645445966045	8.664354301693841	1.7122428090472164
240	1.8838570599112643	8.760092550137205	1.706035910246455
241	1.826204737858271	8.79995617222012	1.777359829069866
242	1.7967599004906183	8.744081545859672	1.854890646694038
243	2.1002517299563563	8.759920320973624	2.0281213902863264
244	2.1602264936050783	8.720998013620497	1.9582065727181701
245	2.1830790139825957	8.774200691158788	1.8766759808206996
246	2.145956770711391	8.866325676050204	1.8650602064913857
247	2.085982007062669	8.905247983403333	1.9349750240595422
248	2.0631294866851517	8.852045305865042	2.0165056159570125
249	2.365279084623534	8.905493690069193	2.1828862911768527
250	2.427970844069432	8.868063759319716	2.114558086300191
251	2.4453873262394996	8.918280559498248	2.02985307388269
252	2.40011204896367	9.005927290426257	2.0134762663418497
253	2.3374202895177723	9.043357221175736	2.081804471218511
254	2.3200038073477045	8.993140420997204	2.1665094836360126
255	2.616818456541002	9.080925139913615	2.326758020844703
256	2.6822609384920386	9.045413640697694	2.2600031335365376
257	2.695276355802238	9.09256101399197	2.1727808651431304
258	2.642849291161401	9.175219886502168	2.1523134840578892
259	2.5774068092103644	9.21073138571809	2.219068371366055
260	2.564391391900165	9.163584012423813	2.306290639759462
261	2.8533809373120906	9.281502691503572	2.4608609152315433
262	2.9212830706648245	9.248076684180692	2.3955003589257844
263	2.9308223686870103	9.292276721690152	2.306307542637665
264	2.872459533356462	9.369902766522491	2.2824752826553043
265	2.804557400003728	9.403328773845372	2.347835838961063
266	2.795018101981542	9.359128736335911	2.4370286552491827
267	3.0753907785531784	9.503118546668798	2.585710474131529
268	3.145213357193594	9.471609573978979	2.521429900456155
269	3.1517238860576042	9.51278622133564	2.4305338239380996
270	3.088411836281199	9.58547184138212	2.4039183210954187
271	3.0185892576407833	9.616980814071939	2.4681988947707927
272	3.012078728776773	9.57580416671528	2.559094971288848
273	3.2837372629243036	9.743289259618644	2.700280523742327
274	3.354963964346388	9.713398885130182	2.636772079284376
275	3.3584394767790418	9.751076926666173	2.5442070426920287
276	3.2906882877896106	9.818645342690626	2.5151504505576328
277	3.219461586367526	9.84853571717909	2.5786588950155833
278	3.215986073934872	9.8108576756431	2.6712239316079307
279	3.4785675620529153	10.000743575398412	2.8022225019464106
280	3.550788406214015	9.972166890344058	2.7392342273235704
281	3.551064423299206	10.005617024691785	2.644995104202185
282	3.4791195962232973	10.067643844093869	2.61374425570364
283	3.406898752062197	10.096220529148223	2.6767325303264804
284	3.406622734977006	10.062770394800495	2.770971653447866
285	3.6592638562867337	10.274283398434282	2.8888685157165264
286	3.7321903303264437	10.246774903434602	2.8262185988212254
287	3.729215263944149	10.275303512869401	2.7304205433934787
288	3.653313723522145	10.33134061730388	2.697272404861033
289	3.5803872494824356	10.35884911230356	2.7599223217563345
290	3.5833623158647296	10.33032050286876	2.855720377184081
291	3.8247948604064805	10.562428968440916	2.9580726922211302
292	3.8982686983091415	10.535873289293043	2.895651613659088
293	3.892137789255196	10.558908410525788	2.7985341839980586
294	3.8125330422985892	10.608499210906407	2.7638378328990716
295	3.739059204395928	10.635054890054281	2.826258911461114
296	3.7451901134498735	10.612019768821536	2.923376341122143
297	3.9739138923133033	10.863414164332209	3.00834766272288
298	4.04783948960869	10.837770326636548	2.9460788932412303
299	4.0387705119072095	10.854875183163337	2.8479709041340837
300	3.9557759369103414	10.897623877385788	2.8121316845085866
301	3.8818503396149544	10.92326771508145	2.874400453990236
302	3.890919317316435	10.90616285855466	2.9725084430973827
303	4.105533117390928	11.174966623086611	3.039001153265101
304	4.179842462407041	11.150231144142055	2.9768217569616646
305	4.168198695993205	11.161241288615061	2.8781141107412043
306	4.082245584563255	11.196986912032624	2.84158586082418
307	4.007936239547143	11.22172239097718	2.9037652571276165
308	4.01958000596098	11.210712246504173	3.002472903348077
309	4.219255540779636	11.49453573963363	3.05023003462029
310	4.293865542479787	11.47064512899267	2.988080325292688
311	4.280077413809574	11.475629451330269	2.889160943781234
312	4.1916792834392105	11.504504384308827	2.8523912715973823
313	4.1170692817390595	11.528394994949789	2.9145409809249845
314	4.130857410409272	11.52341067261219	3.0134603624364384
315	4.31555509226802	11.819459466782138	3.043017630409724
316	4.390382105350499	11.796301071304054	2.980851668404499
317	4.374909111857623	11.795600514086889	2.8820584718171083
318	4.284609105282267	11.818058352347808	2.845431237234942
319	4.209782092199788	11.841216747825895	2.9075971992401666
320	4.225255085692664	11.84191730504306	3.0063903958275575
321	4.395598936996968	12.147086391139133	3.0196843685101613
322	4.470632320772693	12.124772687732534	2.9574582489184085
323	4.45398678900334	12.11927283576049	2.8590068502467743
324	4.362307873458264	12.13608668719505	2.822781571166892
325	4.28727448968254	12.158400390601651	2.8850076907586444
326	4.303920021451892	12.163900242573693	2.983459089430279
327	4.461047426220453	12.475661697700843	2.9838420387477815
328	4.536300540907961	12.454451121209646	2.921495585963843
329	4.518926128149207	12.445292028801154	2.8234433508667216
330	4.426298600702946	12.45734351288386	2.787737568553539
331	4.351045486015439	12.478554089375058	2.8500840213374774
332	4.368419898774192	12.48771318178355	2.9481362564345988
333	4.513634635588429	12.804614295951183	2.938768753203938
334	4.589082973592534	12.784624912754548	2.8762549719086397
335	4.57124977386204	12.77259593992764	2.7785959692509135
336	4.477968236127441	12.780556350297365	2.743450747888485
337	4.4025198981233356	12.800545733494	2.8059645291837834
338	4.4203530978538295	12.812574706320907	2.90362353184151
339	4.554604799066767	13.133747857230864	2.886393259818951
340	4.630208553919822	13.115007013452235	2.8236807967307866
341	4.612066367361901	13.100495798601408	2.7264167966565007
342	4.518320425950928	13.104725427529207	2.6918652596703785
343	4.442716671097873	13.123466271307834	2.7545777227585426
344	4.4608588576557935	13.137977486158663	2.851841722832829
345	4.585085564633794	13.462698458152545	2.8277378549133263
346	4.660787832936214	13.445020777233008	2.7648358186094395
347	4.642440634738635	13.428297064876794	2.6679663303103607
348	4.548391168238635	13.429251033440119	2.633998878315168
349	4.472688899936215	13.446928714359657	2.696900914619055
350	4.491036098133795	13.463652426715868	2.7937704029181343
351	4.606972386434936	13.791110004775502	2.7632430461681055
352	4.68271038303656	13.773968426116824	2.700235727927596
353	4.664225530112911	13.755179207942874	2.6037718720394825
354	4.570002680587638	13.753531568427604	2.5703153343918776
355	4.494264683986015	13.770673147086281	2.633322652632387
356	4.512749536909664	13.789462365260231	2.7297865085205006
357	4.622743262632818	14.118703255813845	2.6925961825129665
358	4.698472779937412	14.101385544929105	2.629626847924408
359	4.67988476775407	14.080453499350398	2.533625101737358
360	4.585567238266133	14.07683916465643	2.500592690138866
361	4.5098377209615395	14.094156875541168	2.5635620247274247
362	4.528425733144882	14.115088921119876	2.659563770914475
363	4.634507163627006	14.445010758486768	2.6152266087383254
364	4.710213302511056	14.427044576166445	2.5524110308288455
365	4.691546169297938	14.403917868734275	2.456929652848893
366	4.597172897200771	14.398757343622432	2.4242638527784197
367	4.521466758316722	14.416723525942754	2.4870794306878996
368	4.540133891529839	14.439850233374923	2.582560808667852
369	4.6416548008647185	14.688866855976855	2.553244441262287
370	4.717343537328486	14.670286582416642	2.4905867313859598
371	4.69862911084488	14.645491004641016	2.395534379683529
372	4.604225947897507	14.639275700425603	2.3631397378574253
373	4.528537211433739	14.657855973985814	2.4257974477337525
374	4.547251637917345	14.682651551761442	2.520849799436183
375	0.0	9.0	0.0
376	4.624984807059228	14.744582388006371	2.4367872549230434
 $ Elements and Boundary Conditions (Elem #, Connectivity, BC Type (1=velocity given/2=traction given, in x,y,z) and given BC Values (in x,y,z)):
1	1	7	2	1	1	1	0.0	0.0	0.0
2	7	8	2	1	1	1	0.0	0.0	0.0
3	2	8	3	1	1	1	0.0	0.0	0.0
4	8	9	3	1	1	1	0.0	0.0	0.0
5	3	9	4	1	1	1	0.0	0.0	0.0
6	9	10	4	1	1	1	0.0	0.0	0.0
7	4	10	5	1	1	1	0.0	0.0	0.0
8	10	11	5	1	1	1	0.0	0.0	0.0
9	5	11	6	1	1	1	0.0	0.0	0.0
10	11	12	6	1	1	1	0.0	0.0	0.0
11	6	12	1	1	1	1	0.0	0.0	0.0
12	12	7	1	1	1	1	0.0	0.0	0.0
13	7	13	8	1	1	1	0.0	0.0	0.0
14	13	14	8	1	1	1	0.0	0.0	0.0
15	8	14	9	1	1	1	0.0	0.0	0.0
16	14	15	9	1	1	1	0.0	0.0	0.0
17	9	15	10	1	1	1	0.0	0.0	0.0
18	15	16	10	1	1	1	0.0	0.0	0.0
19	10	16	11	1	1	1	0.0	0.0	0.0
20	16	17	11	1	1	1	0.0	0.0	0.0
21	11	17	12	1	1	1	0.0	0.0	0.0
22	17	18	12	1	1	1	0.0	0.0	0.0
23	12	18	7	1	1	1	0.0	0.0	0.0
24	18	13	7	1	1	1	0.0	0.0	0.0
25	13	19	14	1	1	1	0.0	0.0	0.0
26	19	20	14	1	1	1	0.0	0.0	0.0
27	14	20	15	1	1	1	0.0	0.0	0.0
28	20	21	15	1	1	1	0.0	0.0	0.0
29	15	21	16	1	1	1	0.0	0.0	0.0
30	21	22	16	1	1	1	0.0	0.0	0.0
31	16	22	17	1	1	1	0.0	0.0	0.0
32	22	23	17	1	1	1	0.0	0.0	0.0
33	17	23	18	1	1	1	0.0	0.0	0.0
34	23	24	18	1	1	1	0.0	0.0	0.0
35	18	24	13	1	1	1	0.0	0.0	0.0
36	24	19	13	1	1	1	0.0	0.0	0.0
37	19	25	20	1	1	1	0.0	0.0	0.0
38	25	26	20	1	1	1	0.0	0.0	0.0
39	20	26	21	1	1	1	0.0	0.0	0.0
40	26	27	21	1	1	1	0.0	0.0	0.0
41	21	27	22	1	1	1	0.0	0.0	0.0
42	27	28	22	1	1	1	0.0	0.0	0.0
43	22	28	23	1	1	1	0.0	0.0	0.0
44	28	29	23	1	1	1	0.0	0.0	0.0
45	23	29	24	1	1	1	0.0	0.0	0.0
46	29	30	24	1	1	1	0.0	0.0	0.0
47	24	30	19	1	1	1	0.0	0.0	0.0
48	30	25	19	1	1	1	0.0	0.0	0.0
49	25	31	26	1	1	1	0.0	0.0	0.0
50	31	32	26	1	1	1	0.0	0.0	0.0
51	26	32	27	1	1	1	0.0	0.0	0.0
52	32	33	27	1	1	1	0.0	0.0	0.0
53	27	33	28	1	1	1	0.0	0.0	0.0
54	33	34	28	1	1	1	0.0	0.0	0.0
55	28	34	29	1	1	1	0.0	0.0	0.0
56	34	35	29	1	1	1	0.0	0.0	0.0
57	29	35	30	1	1	1	0.0	0.0	0.0
58	35	36	30	1	1	1	0.0	0.0	0.0
59	30	36	25	1	1	1	0.0	0.0	0.0
60	36	31	25	1	1	1	0.0	0.0	0.0
61	31	37	32	1	1	1	0.0	0.0	0.0
62	37	38	32	1	1	1	0.0	0.0	0.0
63	32	38	33	1	1	1	0.0	0.0	0.0
64	38	39	33	1	1	1	0.0	0.0	0.0
65	33	39	34	1	1	1	0.0	0.0	0.0
66	39	40	34	1	1	1	0.0	0.0	0.0
67	34	40	35	1	1	1	0.0	0.0	0.0
68	40	41	35	1	1	1	0.0	0.0	0.0
69	35	41	36	1	1	1	0.0	0.0	0.0
70	41	42	36	1	1	1	0.0	0.0	0.0
71	36	42	31	1	1	1	0.0	0.0	0.0
72	42	37	31	1	1	1	0.0	0.0	0.0
73	37	43	38	1	1	1	0.0	0.0	0.0
74	43	44	38	1	1	1	0.0	0.0	0.0
75	38	44	39	1	1	1	0.0	0.0	0.0
76	44	45	39	1	1	1	0.0	0.0	0.0
77	39	45	40	1	1	1	0.0	0.0	0.0
78	45	46	40	1	1	1	0.0	0.0	0.0
79	40	46	41	1	1	1	0.0	0.0	0.0
80	46	47	41	1	1	1	0.0	0.0	0.0
81	41	47	42	1	1	1	0.0	0.0	0.0
82	47	48	42	1	1	1	0.0	0.0	0.0
83	42	48	37	1	1	1	0.0	0.0	0.0
84	48	43	37	1	1	1	0.0	0.0	0.0
85	43	49	44	1	1	1	0.0	0.0	0.0
86	49	50	44	1	1	1	0.0	0.0	0.0
87	44	50	45	1	1	1	0.0	0.0	0.0
88	50	51	45	1	1	1	0.0	0.0	0.0
89	45	51	46	1	1	1	0.0	0.0	0.0
90	51	52	46	1	1	1	0.0	0.0	0.0
91	46	52	47	1	1	1	0.0	0.0	0.0
92	52	53	47	1	1	1	0.0	0.0	0.0
93	47	53	48	1	1	1	0.0	0.0	0.0
94	53	54	48	1	1	1	0.0	0.0	0.0
95	48	54	43	1	1	1	0.0	0.0	0.0
96	54	49	43	1	1	1	0.0	0.0	0.0
97	49	55	50	1	1	1	0.0	0.0	0.0
98	55	56	50	1	1	1	0.0	0.0	0.0
99	50	56	51	1	1	1	0.0	0.0	0.0
100	56	57	51	1	1	1	0.0	0.0	0.0
101	51	57	52	1	1	1	0.0	0.0	0.0
102	57	58	52	1	1	1	0.0	0.0	0.0
103	52	58	53	1	1	1	0.0	0.0	0.0
104	58	59	53	1	1	1	0.0	0.0	0.0
105	53	59	54	1	1	1	0.0	0.0	0.0
106	59	60	54	1	1	1	0.0	0.0	0.0
107	54	60	49	1	1	1	0.0	0.0	0.0
108	60	55	49	1	1	1	0.0	0.0	0.0
109	55	61	56	1	1	1	0.0	0.0	0.0
110	61	62	56	1	1	1	0.0	0.0	0.0
111	56	62	57	1	1	1	0.0	0.0	0.0
112	62	63	57	1	1	1	0.0	0.0	0.0
113	57	63	58	1	1	1	0.0	0.0	0.0
114	63	64	58	1	1	1	0.0	0.0	0.0
115	58	64	59	1	1	1	0.0	0.0	0.0
116	64	65	59	1	1	1	0.0	0.0	0.0
117	59	65	60	1	1	1	0.0	0.0	0.0
118	65	66	60	1	1	1	0.0	0.0	0.0
119	60	66	55	1	1	1	0.0	0.0	0.0
120	66	61	55	1	1	1	0.0	0.0	0.0
121	61	67	62	1	1	1	0.0	0.0	0.0
122	67	68	62	1	1	1	0.0	0.0	0.0
123	62	68	63	1	1	1	0.0	0.0	0.0
124	68	69	63	1	1	1	0.0	0.0	0.0
125	63	69	64	1	1	1	0.0	0.0	0.0
126	69	70	64	1	1	1	0.0	0.0	0.0
127	64	70	65	1	1	1	0.0	0.0	0.0
128	70	71	65	1	1	1	0.0	0.0	0.0
129	65	71	66	1	1	1	0.0	0.0	0.0
130	71	72	66	1	1	1	0.0	0.0	0.0
131	66	72	61	1	1	1	0.0	0.0	0.0
132	72	67	61	1	1	1	0.0	0.0	0.0
133	67	73	68	1	1	1	0.0	0.0	0.0
134	73	74	68	1	1	1	0.0	0.0	0.0
135	68	74	69	1	1	1	0.0	0.0	0.0
136	74	75	69	1	1	1	0.0	0.0	0.0
137	69	75	70	1	1	1	0.0	0.0	0.0
138	75	76	70	1	1	1	0.0	0.0	0.0
139	70	76	71	1	1	1	0.0	0.0	0.0
140	76	77	71	1	1	1	0.0	0.0	0.0
141	71	77	72	1	1	1	0.0	0.0	0.0
142	77	78	72	1	1	1	0.0	0.0	0.0
143	72	78	67	1	1	1	0.0	0.0	0.0
144	78	73	67	1	1	1	0.0	0.0	0.0
145	73	79	74	1	1	1	0.0	0.0	0.0
146	79	80	74	1	1	1	0.0	0.0	0.0
147	74	80	75	1	1	1	0.0	0.0	0.0
148	80	81	75	1	1	1	0.0	0.0	0.0
149	75	81	76	1	1	1	0.0	0.0	0.0
150	81	82	76	1	1	1	0.0	0.0	0.0
151	76	82	77	1	1	1	0.0	0.0	0.0
152	82	83	77	1	1	1	0.0	0.0	0.0
153	77	83	78	1	1	1	0.0	0.0	0.0
154	83	84	78	1	1	1	0.0	0.0	0.0
155	78	84	73	1	1	1	0.0	0.0	0.0
156	84	79	73	1	1	1	0.0	0.0	0.0
157	79	85	80	1	1	1	0.0	0.0	0.0
158	85	86	80	1	1	1	0.0	0.0	0.0
159	80	86	81	1	1	1	0.0	0.0	0.0
160	86	87	81	1	1	1	0.0	0.0	0.0
161	81	87	82	1	1	1	0.0	0.0	0.0
162	87	88	82	1	1	1	0.0	0.0	0.0
163	82	88	83	1	1	1	0.0	0.0	0.0
164	88	89	83	1	1	1	0.0	0.0	0.0
165	83	89	84	1	1	1	0.0	0.0	0.0
166	89	90	84	1	1	1	0.0	0.0	0.0
167	84	90	79	1	1	1	0.0	0.0	0.0
168	90	85	79	1	1	1	0.0	0.0	0.0
169	85	91	86	1	1	1	0.0	0.0	0.0
170	91	92	86	1	1	1	0.0	0.0	0.0
171	86	92	87	1	1	1	0.0	0.0	0.0
172	92	93	87	1	1	1	0.0	0.0	0.0
173	87	93	88	1	1	1	0.0	0.0	0.0
174	93	94	88	1	1	1	0.0	0.0	0.0
175	88	94	89	1	1	1	0.0	0.0	0.0
176	94	95	89	1	1	1	0.0	0.0	0.0
177	89	95	90	1	1	1	0.0	0.0	0.0
178	95	96	90	1	1	1	0.0	0.0	0.0
179	90	96	85	1	1	1	0.0	0.0	0.0
180	96	91	85	1	1	1	0.0	0.0	0.0
181	91	97	92	1	1	1	0.0	0.0	0.0
182	97	98	92	1	1	1	0.0	0.0	0.0
183	92	98	93	1	1	1	0.0	0.0	0.0
184	98	99	93	1	1	1	0.0	0.0	0.0
185	93	99	94	1	1	1	0.0	0.0	0.0
186	99	100	94	1	1	1	0.0	0.0	0.0
187	94	100	95	1	1	1	0.0	0.0	0.0
188	100	101	95	1	1	1	0.0	0.0	0.0
189	95	101	96	1	1	1	0.0	0.0	0.0
190	101	102	96	1	1	1	0.0	0.0	0.0
191	96	102	91	1	1	1	0.0	0.0	0.0
192	102	97	91	1	1	1	0.0	0.0	0.0
193	97	103	98	1	1	1	0.0	0.0	0.0
194	103	104	98	1	1	1	0.0	0.0	0.0
195	98	104	99	1	1	1	0.0	0.0	0.0
196	104	105	99	1	1	1	0.0	0.0	0.0
197	99	105	100	1	1	1	0.0	0.0	0.0
198	105	106	100	1	1	1	0.0	0.0	0.0
199	100	106	101	1	1	1	0.0	0.0	0.0
200	106	107	101	1	1	1	0.0	0.0	0.0
201	101	107	102	1	1	1	0.0	0.0	0.0
202	107	108	102	1	1	1	0.0	0.0	0.0
203	102	108	97	1	1	1	0.0	0.0	0.0
204	108	103	97	1	1	1	0.0	0.0	0.0
205	103	109	104	1	1	1	0.0	0.0	0.0
206	109	110	104	1	1	1	0.0	0.0	0.0
207	104	110	105	1	1	1	0.0	0.0	0.0
208	110	111	105	1	1	1	0.0	0.0	0.0
209	105	111	106	1	1	1	0.0	0.0	0.0
210	111	112	106	1	1	1	0.0	0.0	0.0
211	106	112	107	1	1	1	0.0	0.0	0.0
212	112	113	107	1	1	1	0.0	0.0	0.0
213	107	113	108	1	1	1	0.0	0.0	0.0
214	113	114	108	1	1	1	0.0	0.0	0.0
215	108	114	103	1	1	1	0.0	0.0	0.0
216	114	109	103	1	1	1	0.0	0.0	0.0
217	109	115	110	1	1	1	0.0	0.0	0.0
218	115	116	110	1	1	1	0.0	0.0	0.0
219	110	116	111	1	1	1	0.0	0.0	0.0
220	116	117	111	1	1	1	0.0	0.0	0.0
221	111	117	112	1	1	1	0.0	0.0	0.0
222	117	118	112	1	1	1	0.0	0.0	0.0
223	112	118	113	1	1	1	0.0	0.0	0.0
224	118	119	113	1	1	1	0.0	0.0	0.0
225	113	119	114	1	1	1	0.0	0.0	0.0
226	119	120	114	1	1	1	0.0	0.0	0.0
227	114	120	109	1	1	1	0.0	0.0	0.0
228	120	115	109	1	1	1	0.0	0.0	0.0
229	115	121	116	1	1	1	0.0	0.0	0.0
230	121	122	116	1	1	1	0.0	0.0	0.0
231	116	122	117	1	1	1	0.0	0.0	0.0
232	122	123	117	1	1	1	0.0	0.0	0.0
233	117	123	118	1	1	1	0.0	0.0	0.0
234	123	124	118	1	1	1	0.0	0.0	0.0
235	118	124	119	1	1	1	0.0	0.0	0.0
236	124	125	119	1	1	1	0.0	0.0	0.0
237	119	125	120	1	1	1	0.0	0.0	0.0
238	125	126	120	1	1	1	0.0	0.0	0.0
239	120	126	115	1	1	1	0.0	0.0	0.0
240	126	121	115	1	1	1	0.0	0.0	0.0
241	121	127	122	1	1	1	0.0	0.0	0.0
242	127	128	122	1	1	1	0.0	0.0	0.0
243	122	128	123	1	1	1	0.0	0.0	0.0
244	128	129	123	1	1	1	0.0	0.0	0.0
245	123	129	124	1	1	1	0.0	0.0	0.0
246	129	130	124	1	1	1	0.0	0.0	0.0
247	124	130	125	1	1	1	0.0	0.0	0.0
248	130	131	125	1	1	1	0.0	0.0	0.0
249	125	131	126	1	1	1	0.0	0.0	0.0
250	131	132	126	1	1	1	0.0	0.0	0.0
251	126	132	121	1	1	1	0.0	0.0	0.0
252	132	127	121	1	1	1	0.0	0.0	0.0
253	127	133	128	1	1	1	0.0	0.0	0.0
254	133	134	128	1	1	1	0.0	0.0	0.0
255	128	134	129	1	1	1	0.0	0.0	0.0
256	134	135	129	1	1	1	0.0	0.0	0.0
257	129	135	130	1	1	1	0.0	0.0	0.0
258	135	136	130	1	1	1	0.0	0.0	0.0
259	130	136	131	1	1	1	0.0	0.0	0.0
260	136	137	131	1	1	1	0.0	0.0	0.0
261	131	137	132	1	1	1	0.0	0.0	0.0
262	137	138	132	1	1	1	0.0	0.0	0.0
263	132	138	127	1	1	1	0.0	0.0	0.0
264	138	133	127	1	1	1	0.0	0.0	0.0
265	133	139	134	1	1	1	0.0	0.0	0.0
266	139	140	134	1	1	1	0.0	0.0	0.0
267	134	140	135	1	1	1	0.0	0.0	0.0
268	140	141	135	1	1	1	0.0	0.0	0.0
269	135	141	136	1	1	1	0.0	0.0	0.0
270	141	142	136	1	1	1	0.0	0.0	0.0
271	136	142	137	1	1	1	0.0	0.0	0.0
272	142	143	137	1	1	1	0.0	0.0	0.0
273	137	143	138	1	1	1	0.0	0.0	0.0
274	143	144	138	1	1	1	0.0	0.0	0.0
275	138	144	133	1	1	1	0.0	0.0	0.0
276	144	139	133	1	1	1	0.0	0.0	0.0
277	139	145	140	1	1	1	0.0	0.0	0.0
278	145	146	140	1	1	1	0.0	0.0	0.0
279	140	146	141	1	1	1	0.0	0.0	0.0
280	146	147	141	1	1	1	0.0	0.0	0.0
281	141	147	142	1	1	1	0.0	0.0	0.0
282	147	148	142	1	1	1	0.0	0.0	0.0
283	142	148	143	1	1	1	0.0	0.0	0.0
284	148	149	143	1	1	1	0.0	0.0	0.0
285	143	149	144	1	1	1	0.0	0.0	0.0
286	149	150	144	1	1	1	0.0	0.0	0.0
287	144	150	139	1	1	1	0.0	0.0	0.0
288	150	145	139	1	1	1	0.0	0.0	0.0
289	145	151	146	1	1	1	0.0	0.0	0.0
290	151	152	146	1	1	1	0.0	0.0	0.0
291	146	152	147	1	1	1	0.0	0.0	0.0
292	152	153	147	1	1	1	0.0	0.0	0.0
293	147	153	148	1	1	1	0.0	0.0	0.0
294	153	154	148	1	1	1	0.0	0.0	0.0
295	148	154	149	1	1	1	0.0	0.0	0.0
296	154	155	149	1	1	1	0.0	0.0	0.0
297	149	155	150	1	1	1	0.0	0.0	0.0
298	155	156	150	1	1	1	0.0	0.0	0.0
299	150	156	145	1	1	1	0.0	0.0	0.0
300	156	151	145	1	1	1	0.0	0.0	0.0
301	151	157	152	1	1	1	0.0	0.0	0.0
302	157	158	152	1	1	1	0.0	0.0	0.0
303	152	158	153	1	1	1	0.0	0.0	0.0
304	158	159	153	1	1	1	0.0	0.0	0.0
305	153	159	154	1	1	1	0.0	0.0	0.0
306	159	160	154	1	1	1	0.0	0.0	0.0
307	154	160	155	1	1	1	0.0	0.0	0.0
308	160	161	155	1	1	1	0.0	0.0	0.0
309	155	161	156	1	1	1	0.0	0.0	0.0
310	161	162	156	1	1	1	0.0	0.0	0.0
311	156	162	151	1	1	1	0.0	0.0	0.0
312	162	157	151	1	1	1	0.0	0.0	0.0
313	157	163	158	1	1	1	0.0	0.0	0.0
314	163	164	158	1	1	1	0.0	0.0	0.0
315	158	164	159	1	1	1	0.0	0.0	0.0
316	164	165	159	1	1	1	0.0	0.0	0.0
317	159	165	160	1	1	1	0.0	0.0	0.0
318	165	166	160	1	1	1	0.0	0.0	0.0
319	160	166	161	1	1	1	0.0	0.0	0.0
320	166	167	161	1	1	1	0.0	0.0	0.0
321	161	167	162	1	1	1	0.0	0.0	0.0
322	167	168	162	1	1	1	0.0	0.0	0.0
323	162	168	157	1	1	1	0.0	0.0	0.0
324	168	163	157	1	1	1	0.0	0.0	0.0
325	163	169	164	1	1	1	0.0	0.0	0.0
326	169	170	164	1	1	1	0.0	0.0	0.0
327	164	170	165	1	1	1	0.0	0.0	0.0
328	170	171	165	1	1	1	0.0	0.0	0.0
329	165	171	166	1	1	1	0.0	0.0	0.0
330	171	172	166	1	1	1	0.0	0.0	0.0
331	166	172	167	1	1	1	0.0	0.0	0.0
332	172	173	167	1	1	1	0.0	0.0	0.0
333	167	173	168	1	1	1	0.0	0.0	0.0
334	173	174	168	1	1	1	0.0	0.0	0.0
335	168	174	163	1	1	1	0.0	0.0	0.0
336	174	169	163	1	1	1	0.0	0.0	0.0
337	169	175	170	1	1	1	0.0	0.0	0.0
338	175	176	170	1	1	1	0.0	0.0	0.0
339	170	176	171	1	1	1	0.0	0.0	0.0
340	176	177	171	1	1	1	0.0	0.0	0.0
341	171	177	172	1	1	1	0.0	0.0	0.0
342	177	178	172	1	1	1	0.0	0.0	0.0
343	172	178	173	1	1	1	0.0	0.0	0.0
344	178	179	173	1	1	1	0.0	0.0	0.0
345	173	179	174	1	1	1	0.0	0.0	0.0
346	179	180	174	1	1	1	0.0	0.0	0.0
347	174	180	169	1	1	1	0.0	0.0	0.0
348	180	175	169	1	1	1	0.0	0.0	0.0
349	175	181	176	1	1	1	0.0	0.0	0.0
350	181	182	176	1	1	1	0.0	0.0	0.0
351	176	182	177	1	1	1	0.0	0.0	0.0
352	182	183	177	1	1	1	0.0	0.0	0.0
353	177	183	178	1	1	1	0.0	0.0	0.0
354	183	184	178	1	1	1	0.0	0.0	0.0
355	178	184	179	1	1	1	0.0	0.0	0.0
356	184	185	179	1	1	1	0.0	0.0	0.0
357	179	185	180	1	1	1	0.0	0.0	0.0
358	185	186	180	1	1	1	0.0	0.0	0.0
359	180	186	175	1	1	1	0.0	0.0	0.0
360	186	181	175	1	1	1	0.0	0.0	0.0
361	187	1	2	1	1	1	0.0	0.0	0.0
362	187	2	3	1	1	1	0.0	0.0	0.0
363	187	3	4	1	1	1	0.0	0.0	0.0
364	187	4	5	1	1	1	0.0	0.0	0.0
365	187	5	6	1	1	1	0.0	0.0	0.0
366	187	6	1	1	1	1	0.0	0.0	0.0
367	188	182	181	1	1	1	0.0	0.0	0.0
368	188	183	182	1	1	1	0.0	0.0	0.0
369	188	184	183	1	1	1	0.0	0.0	0.0
370	188	185	184	1	1	1	0.0	0.0	0.0
371	188	186	185	1	1	1	0.0	0.0	0.0
372	188	181	186	1	1	1	0.0	0.0	0.0
373	189	195	190	1	1	1	-0.009993364987352468	-0.007127280776351473	0.003589889120607618
374	195	196	190	1	1	1	-0.01455616757561076	-0.011623466435317253	0.00499415521963487
375	190	196	191	1	1	1	-0.009993364987352468	-0.007127280776351473	0.003589889120607618
376	196	197	191	1	1	1	-0.01455616757561076	-0.011623466435317253	0.00499415521963487
377	191	197	192	1	1	1	-0.009993364987352468	-0.007127280776351473	0.003589889120607618
378	197	198	192	1	1	1	-0.01455616757561076	-0.011623466435317253	0.00499415521963487
379	192	198	193	1	1	1	-0.009993364987352468	-0.007127280776351473	0.003589889120607618
380	198	199	193	1	1	1	-0.01455616757561076	-0.011623466435317253	0.00499415521963487
381	193	199	194	1	1	1	-0.009993364987352468	-0.007127280776351473	0.003589889120607618
382	199	200	194	1	1	1	-0.01455616757561076	-0.011623466435317253	0.00499415521963487
383	194	200	189	1	1	1	-0.009993364987352468	-0.007127280776351473	0.003589889120607618
384	200	195	189	1	1	1	-0.01455616757561076	-0.011623466435317253	0.00499415521963487
385	195	201	196	1	1	1	-0.02359700600582003	-0.025415034951176585	0.006387657261843856
386	201	202	196	1	1	1	-0.028075041847771005	-0.03471041780807013	0.006376893205025588
387	196	202	197	1	1	1	-0.02359700600582003	-0.025415034951176585	0.006387657261843856
388	202	203	197	1	1	1	-0.028075041847771005	-0.03471041780807013	0.006376893205025588
389	197	203	198	1	1	1	-0.02359700600582003	-0.025415034951176585	0.006387657261843856
390	203	204	198	1	1	1	-0.028075041847771005	-0.03471041780807013	0.006376893205025588
391	198	204	199	1	1	1	-0.02359700600582003	-0.025415034951176585	0.006387657261843856
392	204	205	199	1	1	1	-0.028075041847771005	-0.03471041780807013	0.006376893205025588
393	199	205	200	1	1	1	-0.02359700600582003	-0.025415034951176585	0.006387657261843856
394	205	206	200	1	1	1	-0.028075041847771005	-0.03471041780807013	0.006376893205025588
395	200	206	195	1	1	1	-0.02359700600582003	-0.025415034951176585	0.006387657261843856
396	206	201	195	1	1	1	-0.028075041847771005	-0.03471041780807013	0.006376893205025588
397	201	207	202	1	1	1	-0.035177970742422404	-0.056625539679509895	0.0038286481674886085
398	207	208	202	1	1	1	-0.03780286379512282	-0.06924527869405611	0.001291167186769896
399	202	208	203	1	1	1	-0.035177970742422404	-0.056625539679509895	0.0038286481674886085
400	208	209	203	1	1	1	-0.03780286379512282	-0.06924527869405611	0.001291167186769896
401	203	209	204	1	1	1	-0.035177970742422404	-0.056625539679509895	0.0038286481674886085
402	209	210	204	1	1	1	-0.03780286379512282	-0.06924527869405611	0.001291167186769896
403	204	210	205	1	1	1	-0.035177970742422404	-0.056625539679509895	0.0038286481674886085
404	210	211	205	1	1	1	-0.03780286379512282	-0.06924527869405611	0.001291167186769896
405	205	211	206	1	1	1	-0.035177970742422404	-0.056625539679509895	0.0038286481674886085
406	211	212	206	1	1	1	-0.03780286379512282	-0.06924527869405611	0.001291167186769896
407	206	212	201	1	1	1	-0.035177970742422404	-0.056625539679509895	0.0038286481674886085
408	212	207	201	1	1	1	-0.03780286379512282	-0.06924527869405611	0.001291167186769896
409	207	213	208	1	1	1	-0.04157183058735277	-0.09624466050107612	-0.005293528555776218
410	213	214	208	1	1	1	-0.0427159043268823	-0.1106243032935499	-0.009340743317603617
411	208	214	209	1	1	1	-0.04157183058735277	-0.09624466050107612	-0.005293528555776218
412	214	215	209	1	1	1	-0.0427159043268823	-0.1106243032935499	-0.009340743317603617
413	209	215	210	1	1	1	-0.04157183058735277	-0.09624466050107612	-0.005293528555776218
414	215	216	210	1	1	1	-0.0427159043268823	-0.1106243032935499	-0.009340743317603617
415	210	216	211	1	1	1	-0.04157183058735277	-0.09624466050107612	-0.005293528555776218
416	216	217	211	1	1	1	-0.0427159043268823	-0.1106243032935499	-0.009340743317603617
417	211	217	212	1	1	1	-0.04157183058735277	-0.09624466050107612	-0.005293528555776218
418	217	218	212	1	1	1	-0.0427159043268823	-0.1106243032935499	-0.009340743317603617
419	212	218	207	1	1	1	-0.04157183058735277	-0.09624466050107612	-0.005293528555776218
420	218	213	207	1	1	1	-0.0427159043268823	-0.1106243032935499	-0.009340743317603617
421	213	219	214	1	1	1	-0.043802633332183476	-0.13977525788559153	-0.01728153712599655
422	219	220	214	1	1	1	-0.04374528859795512	-0.15454656968515937	-0.021175116172562083
423	214	220	215	1	1	1	-0.043802633332183476	-0.13977525788559153	-0.01728153712599655
424	220	221	215	1	1	1	-0.04374528859795512	-0.15454656968515937	-0.021175116172562083
425	215	221	216	1	1	1	-0.043802633332183476	-0.13977525788559153	-0.01728153712599655
426	221	222	216	1	1	1	-0.04374528859795512	-0.15454656968515937	-0.021175116172562083
427	216	222	217	1	1	1	-0.043802633332183476	-0.13977525788559153	-0.01728153712599655
428	222	223	217	1	1	1	-0.04374528859795512	-0.15454656968515937	-0.021175116172562083
429	217	223	218	1	1	1	-0.043802633332183476	-0.13977525788559153	-0.01728153712599655
430	223	224	218	1	1	1	-0.04374528859795512	-0.15454656968515937	-0.021175116172562083
431	218	224	213	1	1	1	-0.043802633332183476	-0.13977525788559153	-0.01728153712599655
432	224	219	213	1	1	1	-0.04374528859795512	-0.15454656968515937	-0.021175116172562083
433	219	225	220	1	1	1	-0.04264089931553397	-0.1834793249841922	-0.027562723278011802
434	225	226	220	1	1	1	-0.04159385476734118	-0.1976407684836572	-0.030056751336895986
435	220	226	221	1	1	1	-0.04264089931553397	-0.1834793249841922	-0.027562723278011802
436	226	227	221	1	1	1	-0.04159385476734118	-0.1976407684836572	-0.030056751336895986
437	221	227	222	1	1	1	-0.04264089931553397	-0.1834793249841922	-0.027562723278011802
438	227	228	222	1	1	1	-0.04159385476734118	-0.1976407684836572	-0.030056751336895986
439	222	228	223	1	1	1	-0.04264089931553397	-0.1834793249841922	-0.027562723278011802
440	228	229	223	1	1	1	-0.04159385476734118	-0.1976407684836572	-0.030056751336895986
441	223	229	224	1	1	1	-0.04264089931553397	-0.1834793249841922	-0.027562723278011802
442	229	230	224	1	1	1	-0.04159385476734118	-0.1976407684836572	-0.030056751336895986
443	224	230	219	1	1	1	-0.04264089931553397	-0.1834793249841922	-0.027562723278011802
444	230	225	219	1	1	1	-0.04159385476734118	-0.1976407684836572	-0.030056751336895986
445	225	231	226	1	1	1	-0.03874428339852403	-0.22474227523691145	-0.03322977234932103
446	231	232	226	1	1	1	-0.03694175657789967	-0.23768233849070072	-0.03390876530286188
447	226	232	227	1	1	1	-0.03874428339852403	-0.22474227523691145	-0.03322977234932103
448	232	233	227	1	1	1	-0.03694175657789967	-0.23768233849070072	-0.03390876530286188
449	227	233	228	1	1	1	-0.03874428339852403	-0.22474227523691145	-0.03322977234932103
450	233	234	228	1	1	1	-0.03694175657789967	-0.23768233849070072	-0.03390876530286188
451	228	234	229	1	1	1	-0.03874428339852403	-0.22474227523691145	-0.03322977234932103
452	234	235	229	1	1	1	-0.03694175657789967	-0.23768233849070072	-0.03390876530286188
453	229	235	230	1	1	1	-0.03874428339852403	-0.22474227523691145	-0.03322977234932103
454	235	236	230	1	1	1	-0.03694175657789967	-0.23768233849070072	-0.03390876530286188
455	230	236	225	1	1	1	-0.03874428339852403	-0.22474227523691145	-0.03322977234932103
456	236	231	225	1	1	1	-0.03694175657789967	-0.23768233849070072	-0.03390876530286188
457	231	237	232	1	1	1	-0.03281760302536108	-0.26216054040167625	-0.03359175648899677
458	237	238	232	1	1	1	-0.030495976293446858	-0.27369867905886247	-0.0325957547215908
459	232	238	233	1	1	1	-0.03281760302536108	-0.26216054040167625	-0.03359175648899677
460	238	239	233	1	1	1	-0.030495976293446858	-0.27369867905886247	-0.0325957547215908
461	233	239	234	1	1	1	-0.03281760302536108	-0.26216054040167625	-0.03359175648899677
462	239	240	234	1	1	1	-0.030495976293446858	-0.27369867905886247	-0.0325957547215908
463	234	240	235	1	1	1	-0.03281760302536108	-0.26216054040167625	-0.03359175648899677
464	240	241	235	1	1	1	-0.030495976293446858	-0.27369867905886247	-0.0325957547215908
465	235	241	236	1	1	1	-0.03281760302536108	-0.26216054040167625	-0.03359175648899677
466	241	242	236	1	1	1	-0.030495976293446858	-0.27369867905886247	-0.0325957547215908
467	236	242	231	1	1	1	-0.03281760302536108	-0.26216054040167625	-0.03359175648899677
468	242	237	231	1	1	1	-0.030495976293446858	-0.27369867905886247	-0.0325957547215908
469	237	243	238	1	1	1	-0.025475673835882826	-0.295538981865619	-0.029217561908475114
470	243	244	238	1	1	1	-0.02277699811023302	-0.3058411460151893	-0.0268353708627654
471	238	244	239	1	1	1	-0.025475673835882826	-0.295538981865619	-0.029217561908475114
472	244	245	239	1	1	1	-0.02277699811023302	-0.3058411460151893	-0.0268353708627654
473	239	245	240	1	1	1	-0.025475673835882826	-0.295538981865619	-0.029217561908475114
474	245	246	240	1	1	1	-0.02277699811023302	-0.3058411460151893	-0.0268353708627654
475	240	246	241	1	1	1	-0.025475673835882826	-0.295538981865619	-0.029217561908475114
476	246	247	241	1	1	1	-0.02277699811023302	-0.3058411460151893	-0.0268353708627654
477	241	247	242	1	1	1	-0.025475673835882826	-0.295538981865619	-0.029217561908475114
478	247	248	242	1	1	1	-0.02277699811023302	-0.3058411460151893	-0.0268353708627654
479	242	248	237	1	1	1	-0.025475673835882826	-0.295538981865619	-0.029217561908475114
480	248	243	237	1	1	1	-0.02277699811023302	-0.3058411460151893	-0.0268353708627654
481	243	249	244	1	1	1	-0.01702311799935578	-0.3254993125980071	-0.02091526934528402
482	249	250	244	1	1	1	-0.013967913614128337	-0.33485531503125454	-0.01737735887351234
483	244	250	245	1	1	1	-0.01702311799935578	-0.3254993125980071	-0.02091526934528402
484	250	251	245	1	1	1	-0.013967913614128337	-0.33485531503125454	-0.01737735887351234
485	245	251	246	1	1	1	-0.01702311799935578	-0.3254993125980071	-0.02091526934528402
486	251	252	246	1	1	1	-0.013967913614128337	-0.33485531503125454	-0.01737735887351234
487	246	252	247	1	1	1	-0.01702311799935578	-0.3254993125980071	-0.02091526934528402
488	252	253	247	1	1	1	-0.013967913614128337	-0.33485531503125454	-0.01737735887351234
489	247	253	248	1	1	1	-0.01702311799935578	-0.3254993125980071	-0.02091526934528402
490	253	254	248	1	1	1	-0.013967913614128337	-0.33485531503125454	-0.01737735887351234
491	248	254	243	1	1	1	-0.01702311799935578	-0.3254993125980071	-0.02091526934528402
492	254	249	243	1	1	1	-0.013967913614128337	-0.33485531503125454	-0.01737735887351234
493	249	255	250	1	1	1	-0.0074314983347163145	-0.35288749251164186	-0.00935842003618243
494	255	256	250	1	1	1	-0.003950287440531734	-0.3615636675587816	-0.004877391670624194
495	250	256	251	1	1	1	-0.0074314983347163145	-0.35288749251164186	-0.00935842003618243
496	256	257	251	1	1	1	-0.003950287440531734	-0.3615636675587816	-0.004877391670624194
497	251	257	252	1	1	1	-0.0074314983347163145	-0.35288749251164186	-0.00935842003618243
498	257	258	252	1	1	1	-0.003950287440531734	-0.3615636675587816	-0.004877391670624194
499	252	258	253	1	1	1	-0.0074314983347163145	-0.35288749251164186	-0.00935842003618243
500	258	259	253	1	1	1	-0.003950287440531734	-0.3615636675587816	-0.004877391670624194
501	253	259	254	1	1	1	-0.0074314983347163145	-0.35288749251164186	-0.00935842003618243
502	259	260	254	1	1	1	-0.003950287440531734	-0.3615636675587816	-0.004877391670624194
503	254	260	249	1	1	1	-0.0074314983347163145	-0.35288749251164186	-0.00935842003618243
504	260	255	249	1	1	1	-0.003950287440531734	-0.3615636675587816	-0.004877391670624194
505	255	261	256	1	1	1	0.003552125954469567	-0.37841005037481024	0.004725526376726171
506	261	262	256	1	1	1	0.007573328455286286	-0.386580258143699	0.0098474160585183
507	256	262	257	1	1	1	0.003552125954469567	-0.37841005037481024	0.004725526376726171
508	262	263	257	1	1	1	0.007573328455286286	-0.386580258143699	0.0098474160585183
509	257	263	258	1	1	1	0.003552125954469567	-0.37841005037481024	0.004725526376726171
510	263	264	258	1	1	1	0.007573328455286286	-0.386580258143699	0.0098474160585183
511	258	264	259	1	1	1	0.003552125954469567	-0.37841005037481024	0.004725526376726171
512	264	265	259	1	1	1	0.007573328455286286	-0.386580258143699	0.0098474160585183
513	259	265	260	1	1	1	0.003552125954469567	-0.37841005037481024	0.004725526376726171
514	265	266	260	1	1	1	0.007573328455286286	-0.386580258143699	0.0098474160585183
515	260	266	255	1	1	1	0.003552125954469567	-0.37841005037481024	0.004725526376726171
516	266	261	255	1	1	1	0.007573328455286286	-0.386580258143699	0.0098474160585183
517	261	267	262	1	1	1	0.01624265138941566	-0.40246326582447317	0.020387310987298703
518	267	268	262	1	1	1	0.020890771822728308	-0.4101760657363586	0.025805316234286974
519	262	268	263	1	1	1	0.01624265138941566	-0.40246326582447317	0.020387310987298703
520	268	269	263	1	1	1	0.020890771822728308	-0.4101760657363586	0.025805316234286974
521	263	269	264	1	1	1	0.01624265138941566	-0.40246326582447317	0.020387310987298703
522	269	270	264	1	1	1	0.020890771822728308	-0.4101760657363586	0.025805316234286974
523	264	270	265	1	1	1	0.01624265138941566	-0.40246326582447317	0.020387310987298703
524	270	271	265	1	1	1	0.020890771822728308	-0.4101760657363586	0.025805316234286974
525	265	271	266	1	1	1	0.01624265138941566	-0.40246326582447317	0.020387310987298703
526	271	272	266	1	1	1	0.020890771822728308	-0.4101760657363586	0.025805316234286974
527	266	272	261	1	1	1	0.01624265138941566	-0.40246326582447317	0.020387310987298703
528	272	267	261	1	1	1	0.020890771822728308	-0.4101760657363586	0.025805316234286974
529	267	273	268	1	1	1	0.030804476724585153	-0.42510184131929557	0.03675537593007284
530	273	274	268	1	1	1	0.036070061193129346	-0.43231481699034724	0.04228743037887043
531	268	274	269	1	1	1	0.030804476724585153	-0.42510184131929557	0.03675537593007284
532	274	275	269	1	1	1	0.036070061193129346	-0.43231481699034724	0.04228743037887043
533	269	275	270	1	1	1	0.030804476724585153	-0.42510184131929557	0.03675537593007284
534	275	276	270	1	1	1	0.036070061193129346	-0.43231481699034724	0.04228743037887043
535	270	276	271	1	1	1	0.030804476724585153	-0.42510184131929557	0.03675537593007284
536	276	277	271	1	1	1	0.036070061193129346	-0.43231481699034724	0.04228743037887043
537	271	277	272	1	1	1	0.030804476724585153	-0.42510184131929557	0.03675537593007284
538	277	278	272	1	1	1	0.036070061193129346	-0.43231481699034724	0.04228743037887043
539	272	278	267	1	1	1	0.030804476724585153	-0.42510184131929557	0.03675537593007284
540	278	273	267	1	1	1	0.036070061193129346	-0.43231481699034724	0.04228743037887043
541	273	279	274	1	1	1	0.04711413357337898	-0.4461562521872151	0.05349843813637655
542	279	280	274	1	1	1	0.05289262148508442	-0.4527847117130314	0.059177391445085076
543	274	280	275	1	1	1	0.04711413357337898	-0.4461562521872151	0.05349843813637655
544	280	281	275	1	1	1	0.05289262148508442	-0.4527847117130314	0.059177391445085076
545	275	281	276	1	1	1	0.04711413357337898	-0.4461562521872151	0.05349843813637655
546	281	282	276	1	1	1	0.05289262148508442	-0.4527847117130314	0.059177391445085076
547	276	282	277	1	1	1	0.04711413357337898	-0.4461562521872151	0.05349843813637655
548	282	283	277	1	1	1	0.05289262148508442	-0.4527847117130314	0.059177391445085076
549	277	283	278	1	1	1	0.04711413357337898	-0.4461562521872151	0.05349843813637655
550	283	284	278	1	1	1	0.05289262148508442	-0.4527847117130314	0.059177391445085076
551	278	284	273	1	1	1	0.04711413357337898	-0.4461562521872151	0.05349843813637655
552	284	279	273	1	1	1	0.05289262148508442	-0.4527847117130314	0.059177391445085076
553	279	285	280	1	1	1	0.0648179171966906	-0.46534723486892376	0.07074195117869177
554	285	286	280	1	1	1	0.07096472499659133	-0.47128129849899975	0.07662755760358993
555	280	286	281	1	1	1	0.0648179171966906	-0.46534723486892376	0.07074195117869177
556	286	287	281	1	1	1	0.07096472499659133	-0.47128129849899975	0.07662755760358993
557	281	287	282	1	1	1	0.0648179171966906	-0.46534723486892376	0.07074195117869177
558	287	288	282	1	1	1	0.07096472499659133	-0.47128129849899975	0.07662755760358993
559	282	288	283	1	1	1	0.0648179171966906	-0.46534723486892376	0.07074195117869177
560	288	289	283	1	1	1	0.07096472499659133	-0.47128129849899975	0.07662755760358993
561	283	289	284	1	1	1	0.0648179171966906	-0.46534723486892376	0.07074195117869177
562	289	290	284	1	1	1	0.07096472499659133	-0.47128129849899975	0.07662755760358993
563	284	290	279	1	1	1	0.0648179171966906	-0.46534723486892376	0.07074195117869177
564	290	285	279	1	1	1	0.07096472499659133	-0.47128129849899975	0.07662755760358993
565	285	291	286	1	1	1	0.08350142813570154	-0.4823493471487253	0.08855618994219477
566	291	292	286	1	1	1	0.08989132347491098	-0.48748333216837486	0.09459921585590143
567	286	292	287	1	1	1	0.08350142813570154	-0.4823493471487253	0.08855618994219477
568	292	293	287	1	1	1	0.08989132347491098	-0.48748333216837486	0.09459921585590143
569	287	293	288	1	1	1	0.08350142813570154	-0.4823493471487253	0.08855618994219477
570	293	294	288	1	1	1	0.08989132347491098	-0.48748333216837486	0.09459921585590143
571	288	294	289	1	1	1	0.08350142813570154	-0.4823493471487253	0.08855618994219477
572	294	295	289	1	1	1	0.08989132347491098	-0.48748333216837486	0.09459921585590143
573	289	295	290	1	1	1	0.08350142813570154	-0.4823493471487253	0.08855618994219477
574	295	296	290	1	1	1	0.08989132347491098	-0.48748333216837486	0.09459921585590143
575	290	296	285	1	1	1	0.08350142813570154	-0.4823493471487253	0.08855618994219477
576	296	291	285	1	1	1	0.08989132347491098	-0.48748333216837486	0.09459921585590143
577	291	297	292	1	1	1	0.10284880035597876	-0.49690668674996524	0.10678215658009128
578	297	298	292	1	1	1	0.10941638189783709	-0.5011960563119062	0.11292207139057446
579	292	298	293	1	1	1	0.10284880035597876	-0.49690668674996524	0.10678215658009128
580	298	299	293	1	1	1	0.10941638189783709	-0.5011960563119062	0.11292207139057446
581	293	299	294	1	1	1	0.10284880035597876	-0.49690668674996524	0.10678215658009128
582	299	300	294	1	1	1	0.10941638189783709	-0.5011960563119062	0.11292207139057446
583	294	300	295	1	1	1	0.10284880035597876	-0.49690668674996524	0.10678215658009128
584	300	301	295	1	1	1	0.10941638189783709	-0.5011960563119062	0.11292207139057446
585	295	301	296	1	1	1	0.10284880035597876	-0.49690668674996524	0.10678215658009128
586	301	302	296	1	1	1	0.10941638189783709	-0.5011960563119062	0.11292207139057446
587	296	302	291	1	1	1	0.10284880035597876	-0.49690668674996524	0.10678215658009128
588	302	297	291	1	1	1	0.10941638189783709	-0.5011960563119062	0.11292207139057446
589	297	303	298	1	1	1	0.12267711470359817	-0.5089398821960822	0.12538331860100677
590	303	304	298	1	1	1	0.12937026596750092	-0.5123943385183174	0.13170465100095588
591	298	304	299	1	1	1	0.12267711470359817	-0.5089398821960822	0.12538331860100677
592	304	305	299	1	1	1	0.12937026596750092	-0.5123943385183174	0.13170465100095588
593	299	305	300	1	1	1	0.12267711470359817	-0.5089398821960822	0.12538331860100677
594	305	306	300	1	1	1	0.12937026596750092	-0.5123943385183174	0.13170465100095588
595	300	306	301	1	1	1	0.12267711470359817	-0.5089398821960822	0.12538331860100677
596	306	307	301	1	1	1	0.12937026596750092	-0.5123943385183174	0.13170465100095588
597	301	307	302	1	1	1	0.12267711470359817	-0.5089398821960822	0.12538331860100677
598	307	308	302	1	1	1	0.12937026596750092	-0.5123943385183174	0.13170465100095588
599	302	308	297	1	1	1	0.12267711470359817	-0.5089398821960822	0.12538331860100677
600	308	303	297	1	1	1	0.12937026596750092	-0.5123943385183174	0.13170465100095588
601	303	309	304	1	1	1	0.1427506510508043	-0.5184662997078431	0.14472079092806578
602	309	310	304	1	1	1	0.14943788487020493	-0.5210838045751336	0.15141559845522654
603	304	310	305	1	1	1	0.1427506510508043	-0.5184662997078431	0.14472079092806578
604	310	311	305	1	1	1	0.14943788487020493	-0.5210838045751336	0.15141559845522654
605	305	311	306	1	1	1	0.1427506510508043	-0.5184662997078431	0.14472079092806578
606	311	312	306	1	1	1	0.14943788487020493	-0.5210838045751336	0.15141559845522654
607	306	312	307	1	1	1	0.1427506510508043	-0.5184662997078431	0.14472079092806578
608	312	313	307	1	1	1	0.14943788487020493	-0.5210838045751336	0.15141559845522654
609	307	313	308	1	1	1	0.1427506510508043	-0.5184662997078431	0.14472079092806578
610	313	314	308	1	1	1	0.14943788487020493	-0.5210838045751336	0.15141559845522654
611	308	314	303	1	1	1	0.1427506510508043	-0.5184662997078431	0.14472079092806578
612	314	309	303	1	1	1	0.14943788487020493	-0.5210838045751336	0.15141559845522654
613	309	315	310	1	1	1	0.16261134258701462	-0.525467928883564	0.1652956862333487
614	315	316	310	1	1	1	0.16909756648442373	-0.5272345483247038	0.1724809664843102
615	310	316	311	1	1	1	0.16261134258701462	-0.525467928883564	0.1652956862333487
616	316	317	311	1	1	1	0.16909756648442373	-0.5272345483247038	0.1724809664843102
617	311	317	312	1	1	1	0.16261134258701462	-0.525467928883564	0.1652956862333487
618	317	318	312	1	1	1	0.16909756648442373	-0.5272345483247038	0.1724809664843102
619	312	318	313	1	1	1	0.16261134258701462	-0.525467928883564	0.1652956862333487
620	318	319	313	1	1	1	0.16909756648442373	-0.5272345483247038	0.1724809664843102
621	313	319	314	1	1	1	0.16261134258701462	-0.525467928883564	0.1652956862333487
622	319	320	314	1	1	1	0.16909756648442373	-0.5272345483247038	0.1724809664843102
623	314	320	309	1	1	1	0.16261134258701462	-0.525467928883564	0.1652956862333487
624	320	315	309	1	1	1	0.16909756648442373	-0.5272345483247038	0.1724809664843102
625	315	321	316	1	1	1	0.18174304804399335	-0.5299700306165299	0.18727664585452372
626	321	322	316	1	1	1	0.18790230570615393	-0.530938893467216	0.19488704497377582
627	316	322	317	1	1	1	0.18174304804399335	-0.5299700306165299	0.18727664585452372
628	322	323	317	1	1	1	0.18790230570615393	-0.530938893467216	0.19488704497377582
629	317	323	318	1	1	1	0.18174304804399335	-0.5299700306165299	0.18727664585452372
630	323	324	318	1	1	1	0.18790230570615393	-0.530938893467216	0.19488704497377582
631	318	324	319	1	1	1	0.18174304804399335	-0.5299700306165299	0.18727664585452372
632	324	325	319	1	1	1	0.18790230570615393	-0.530938893467216	0.19488704497377582
633	319	325	320	1	1	1	0.18174304804399335	-0.5299700306165299	0.18727664585452372
634	325	326	320	1	1	1	0.18790230570615393	-0.530938893467216	0.19488704497377582
635	320	326	315	1	1	1	0.18174304804399335	-0.5299700306165299	0.18727664585452372
636	326	321	315	1	1	1	0.18790230570615393	-0.530938893467216	0.19488704497377582
637	321	327	322	1	1	1	0.19989457435804103	-0.5322239590108645	0.21031984396594092
638	327	328	322	1	1	1	0.20572758534776758	-0.5325401617038269	0.21814224383885392
639	322	328	323	1	1	1	0.19989457435804103	-0.5322239590108645	0.21031984396594092
640	328	329	323	1	1	1	0.20572758534776758	-0.5325401617038269	0.21814224383885392
641	323	329	324	1	1	1	0.19989457435804103	-0.5322239590108645	0.21031984396594092
642	329	330	324	1	1	1	0.20572758534776758	-0.5325401617038269	0.21814224383885392
643	324	330	325	1	1	1	0.19989457435804103	-0.5322239590108645	0.21031984396594092
644	330	331	325	1	1	1	0.20572758534776758	-0.5325401617038269	0.21814224383885392
645	325	331	326	1	1	1	0.19989457435804103	-0.5322239590108645	0.21031984396594092
646	331	332	326	1	1	1	0.20572758534776758	-0.5325401617038269	0.21814224383885392
647	326	332	321	1	1	1	0.19989457435804103	-0.5322239590108645	0.21031984396594092
648	332	327	321	1	1	1	0.20572758534776758	-0.5325401617038269	0.21814224383885392
649	327	333	328	1	1	1	0.21708786103307373	-0.5326767422057429	0.23378456088999466
650	333	334	328	1	1	1	0.2226151257286533	-0.5324971200146963	0.2416044780682224
651	328	334	329	1	1	1	0.21708786103307373	-0.5326767422057429	0.23378456088999466
652	334	335	329	1	1	1	0.2226151257286533	-0.5324971200146963	0.2416044780682224
653	329	335	330	1	1	1	0.21708786103307373	-0.5326767422057429	0.23378456088999466
654	335	336	330	1	1	1	0.2226151257286533	-0.5324971200146963	0.2416044780682224
655	330	336	331	1	1	1	0.21708786103307373	-0.5326767422057429	0.23378456088999466
656	336	337	331	1	1	1	0.2226151257286533	-0.5324971200146963	0.2416044780682224
657	331	337	332	1	1	1	0.21708786103307373	-0.5326767422057429	0.23378456088999466
658	337	338	332	1	1	1	0.2226151257286533	-0.5324971200146963	0.2416044780682224
659	332	338	327	1	1	1	0.21708786103307373	-0.5326767422057429	0.23378456088999466
660	338	333	327	1	1	1	0.2226151257286533	-0.5324971200146963	0.2416044780682224
661	333	339	334	1	1	1	0.23332030749557633	-0.531749192324915	0.2571025470815082
662	339	340	334	1	1	1	0.23849822456691983	-0.5311808868261804	0.26478069891656625
663	334	340	335	1	1	1	0.23332030749557633	-0.531749192324915	0.2571025470815082
664	340	341	335	1	1	1	0.23849822456691983	-0.5311808868261804	0.26478069891656625
665	335	341	336	1	1	1	0.23332030749557633	-0.531749192324915	0.2571025470815082
666	341	342	336	1	1	1	0.23849822456691983	-0.5311808868261804	0.26478069891656625
667	336	342	337	1	1	1	0.23332030749557633	-0.531749192324915	0.2571025470815082
668	342	343	337	1	1	1	0.23849822456691983	-0.5311808868261804	0.26478069891656625
669	337	343	338	1	1	1	0.23332030749557633	-0.531749192324915	0.2571025470815082
670	343	344	338	1	1	1	0.23849822456691983	-0.5311808868261804	0.26478069891656625
671	338	344	333	1	1	1	0.23332030749557633	-0.531749192324915	0.2571025470815082
672	344	339	333	1	1	1	0.23849822456691983	-0.5311808868261804	0.26478069891656625
673	339	345	340	1	1	1	0.24847370941878363	-0.5297483025783155	0.2798484899899589
674	345	346	340	1	1	1	0.2532712771993039	-0.5288840238291853	0.28723812922829356
675	340	346	341	1	1	1	0.24847370941878363	-0.5297483025783155	0.2798484899899589
676	346	347	341	1	1	1	0.2532712771993039	-0.5288840238291853	0.28723812922829356
677	341	347	342	1	1	1	0.24847370941878363	-0.5297483025783155	0.2798484899899589
678	347	348	342	1	1	1	0.2532712771993039	-0.5288840238291853	0.28723812922829356
679	342	348	343	1	1	1	0.24847370941878363	-0.5297483025783155	0.2798484899899589
680	348	349	343	1	1	1	0.2532712771993039	-0.5288840238291853	0.28723812922829356
681	343	349	344	1	1	1	0.24847370941878363	-0.5297483025783155	0.2798484899899589
682	349	350	344	1	1	1	0.2532712771993039	-0.5288840238291853	0.28723812922829356
683	344	350	339	1	1	1	0.24847370941878363	-0.5297483025783155	0.2798484899899589
684	350	345	339	1	1	1	0.2532712771993039	-0.5288840238291853	0.28723812922829356
685	345	351	346	1	1	1	0.26254439266960644	-0.5269731996804906	0.3015172522726412
686	351	352	346	1	1	1	0.2670199403593887	-0.5259266542809261	0.3084067360786542
687	346	352	347	1	1	1	0.26254439266960644	-0.5269731996804906	0.3015172522726412
688	352	353	347	1	1	1	0.2670199403593887	-0.5259266542809261	0.3084067360786542
689	347	353	348	1	1	1	0.26254439266960644	-0.5269731996804906	0.3015172522726412
690	353	354	348	1	1	1	0.2670199403593887	-0.5259266542809261	0.3084067360786542
691	348	354	349	1	1	1	0.26254439266960644	-0.5269731996804906	0.3015172522726412
692	354	355	349	1	1	1	0.2670199403593887	-0.5259266542809261	0.3084067360786542
693	349	355	350	1	1	1	0.26254439266960644	-0.5269731996804906	0.3015172522726412
694	355	356	350	1	1	1	0.2670199403593887	-0.5259266542809261	0.3084067360786542
695	350	356	345	1	1	1	0.26254439266960644	-0.5269731996804906	0.3015172522726412
696	356	351	345	1	1	1	0.2670199403593887	-0.5259266542809261	0.3084067360786542
697	351	357	352	1	1	1	0.27571485245274246	-0.5237602156107155	0.32147088962299014
698	357	358	352	1	1	1	0.2799342168563141	-0.5226403223400694	0.32764555936131307
699	352	358	353	1	1	1	0.27571485245274246	-0.5237602156107155	0.32147088962299014
700	358	359	353	1	1	1	0.2799342168563141	-0.5226403223400694	0.32764555936131307
701	353	359	354	1	1	1	0.27571485245274246	-0.5237602156107155	0.32147088962299014
702	359	360	354	1	1	1	0.2799342168563141	-0.5226403223400694	0.32764555936131307
703	354	360	355	1	1	1	0.27571485245274246	-0.5237602156107155	0.32147088962299014
704	360	361	355	1	1	1	0.2799342168563141	-0.5226403223400694	0.32764555936131307
705	355	361	356	1	1	1	0.27571485245274246	-0.5237602156107155	0.32147088962299014
706	361	362	356	1	1	1	0.2799342168563141	-0.5226403223400694	0.32764555936131307
707	356	362	351	1	1	1	0.27571485245274246	-0.5237602156107155	0.32147088962299014
708	362	357	351	1	1	1	0.2799342168563141	-0.5226403223400694	0.32764555936131307
709	357	363	358	1	1	1	0.28810351588865674	-0.5204071956704671	0.339153203381983
710	363	364	358	1	1	1	0.29205345051742787	-0.519293962271511	0.34448617766432993
711	358	364	359	1	1	1	0.28810351588865674	-0.5204071956704671	0.339153203381983
712	364	365	359	1	1	1	0.29205345051742787	-0.519293962271511	0.34448617766432993
713	359	365	360	1	1	1	0.28810351588865674	-0.5204071956704671	0.339153203381983
714	365	366	360	1	1	1	0.29205345051742787	-0.519293962271511	0.34448617766432993
715	360	366	361	1	1	1	0.28810351588865674	-0.5204071956704671	0.339153203381983
716	366	367	361	1	1	1	0.29205345051742787	-0.519293962271511	0.34448617766432993
717	361	367	362	1	1	1	0.28810351588865674	-0.5204071956704671	0.339153203381983
718	367	368	362	1	1	1	0.29205345051742787	-0.519293962271511	0.34448617766432993
719	362	368	357	1	1	1	0.28810351588865674	-0.5204071956704671	0.339153203381983
720	368	363	357	1	1	1	0.29205345051742787	-0.519293962271511	0.34448617766432993
721	363	369	364	1	1	1	0.2987892611892436	-0.5173747373781349	0.3533279287682933
722	369	370	364	1	1	1	0.3015751372322883	-0.5165687458837152	0.3568367055899097
723	364	370	365	1	1	1	0.2987892611892436	-0.5173747373781349	0.3533279287682933
724	370	371	365	1	1	1	0.3015751372322883	-0.5165687458837152	0.3568367055899097
725	365	371	366	1	1	1	0.2987892611892436	-0.5173747373781349	0.3533279287682933
726	371	372	366	1	1	1	0.3015751372322883	-0.5165687458837152	0.3568367055899097
727	366	372	367	1	1	1	0.2987892611892436	-0.5173747373781349	0.3533279287682933
728	372	373	367	1	1	1	0.3015751372322883	-0.5165687458837152	0.3568367055899097
729	367	373	368	1	1	1	0.2987892611892436	-0.5173747373781349	0.3533279287682933
730	373	374	368	1	1	1	0.3015751372322883	-0.5165687458837152	0.3568367055899097
731	368	374	363	1	1	1	0.2987892611892436	-0.5173747373781349	0.3533279287682933
732	374	369	363	1	1	1	0.3015751372322883	-0.5165687458837152	0.3568367055899097
733	375	189	190	1	1	1	-0.0036203749327294523	-0.001754063411590464	0.00145708201438691
734	375	190	191	1	1	1	-0.0036203749327294523	-0.001754063411590464	0.00145708201438691
735	375	191	192	1	1	1	-0.0036203749327294523	-0.001754063411590464	0.00145708201438691
736	375	192	193	1	1	1	-0.0036203749327294523	-0.001754063411590464	0.00145708201438691
737	375	193	194	1	1	1	-0.0036203749327294523	-0.001754063411590464	0.00145708201438691
738	375	194	189	1	1	1	-0.0036203749327294523	-0.001754063411590464	0.00145708201438691
739	376	370	369	1	1	1	0.3052459808493517	-0.515503517439014	0.36140656432314344
740	376	371	370	1	1	1	0.3052459808493517	-0.515503517439014	0.36140656432314344
741	376	372	371	1	1	1	0.3052459808493517	-0.515503517439014	0.36140656432314344
742	376	373	372	1	1	1	0.3052459808493517	-0.515503517439014	0.36140656432314344
743	376	374	373	1	1	1	0.3052459808493517	-0.515503517439014	0.36140656432314344
744	376	369	374	1	1	1	0.3052459808493517	-0.515503517439014	0.36140656432314344
